start,pitch,duration
0.0,60,0.5
0.5,62,0.5
1.0,62,0.5
1.5,60,0.5
2.0,61,0.5
2.5,59,0.5
3.0,58,0.5
3.5,59,0.5
4.0,61,0.5
4.5,59,0.5
5.0,58,0.5
5.5,60,0.5
6.0,60,0.5
6.5,58,0.5
7.0,59,0.5
7.5,60,0.5
8.0,62,0.5
8.5,63,0.5
9.0,62,0.5
9.5,64,0.5
10.0,65,0.5
10.5,63,0.5
11.0,65,0.5
11.5,65,0.5
12.0,67,0.5
12.5,68,0.5
13.0,69,0.5
13.5,67,0.5
14.0,68,0.5
14.5,67,0.5
15.0,65,0.5
15.5,63,0.5
16.0,64,0.5
16.5,66,0.5
17.0,68,0.5
17.5,67,0.5
18.0,69,0.5
18.5,67,0.5
19.0,65,0.5
19.5,66,0.5
20.0,68,0.5
20.5,68,0.5
21.0,69,0.5
21.5,68,0.5
22.0,69,0.5
22.5,71,0.5
23.0,72,0.5
23.5,73,0.5
24.0,73,0.5
24.5,75,0.5
25.0,74,0.5
25.5,75,0.5
26.0,77,0.5
26.5,76,0.5
27.0,77,0.5
27.5,76,0.5
28.0,76,0.5
28.5,74,0.5
29.0,74,0.5
29.5,73,0.5
30.0,73,0.5
30.5,73,0.5
31.0,73,0.5
31.5,73,0.5
32.0,74,0.5
32.5,73,0.5
33.0,73,0.5
33.5,75,0.5
34.0,77,0.5
34.5,78,0.5
35.0,78,0.5
35.5,76,0.5
36.0,78,0.5
36.5,80,0.5
37.0,81,0.5
37.5,83,0.5
38.0,81,0.5
38.5,83,0.5
39.0,85,0.5
39.5,85,0.5
40.0,86,0.5
40.5,86,0.5
41.0,85,0.5
41.5,87,0.5
42.0,85,0.5
42.5,86,0.5
43.0,86,0.5
43.5,87,0.5
44.0,86,0.5
44.5,85,0.5
45.0,83,0.5
45.5,83,0.5
46.0,82,0.5
46.5,80,0.5
47.0,80,0.5
47.5,80,0.5
48.0,81,0.5
48.5,80,0.5
49.0,81,0.5
49.5,80,0.5
50.0,81,0.5
50.5,82,0.5
51.0,82,0.5
51.5,81,0.5
52.0,82,0.5
52.5,82,0.5
53.0,84,0.5
53.5,83,0.5
54.0,84,0.5
54.5,82,0.5
55.0,83,0.5
55.5,84,0.5
56.0,84,0.5
56.5,84,0.5
57.0,84,0.5
57.5,86,0.5
58.0,87,0.5
58.5,86,0.5
59.0,85,0.5
59.5,83,0.5
60.0,84,0.5
60.5,85,0.5
61.0,87,0.5
61.5,89,0.5
62.0,87,0.5
62.5,85,0.5
63.0,84,0.5
63.5,84,0.5
64.0,86,0.5
64.5,85,0.5
65.0,83,0.5
65.5,83,0.5
66.0,85,0.5
66.5,87,0.5
67.0,88,0.5
67.5,89,0.5
68.0,90,0.5
68.5,88,0.5
69.0,86,0.5
69.5,88,0.5
70.0,88,0.5
70.5,86,0.5
71.0,88,0.5
71.5,86,0.5
72.0,86,0.5
72.5,88,0.5
73.0,88,0.5
73.5,87,0.5
74.0,87,0.5
74.5,88,0.5
75.0,88,0.5
75.5,90,0.5
76.0,92,0.5
76.5,91,0.5
77.0,90,0.5
77.5,91,0.5
78.0,89,0.5
78.5,91,0.5
79.0,89,0.5
79.5,87,0.5
80.0,88,0.5
80.5,87,0.5
81.0,86,0.5
81.5,85,0.5
82.0,83,0.5
82.5,84,0.5
83.0,86,0.5
83.5,87,0.5
84.0,85,0.5
84.5,87,0.5
85.0,87,0.5
85.5,85,0.5
86.0,87,0.5
86.5,87,0.5
87.0,88,0.5
87.5,87,0.5
88.0,89,0.5
88.5,88,0.5
89.0,88,0.5
89.5,88,0.5
90.0,87,0.5
90.5,88,0.5
91.0,90,0.5
91.5,91,0.5
92.0,89,0.5
92.5,88,0.5
93.0,87,0.5
93.5,89,0.5
94.0,88,0.5
94.5,86,0.5
95.0,87,0.5
95.5,88,0.5
96.0,90,0.5
96.5,88,0.5
97.0,90,0.5
97.5,91,0.5
98.0,93,0.5
98.5,94,0.5
99.0,92,0.5
99.5,92,0.5
100.0,90,0.5
100.5,90,0.5
101.0,88,0.5
101.5,86,0.5
102.0,84,0.5
102.5,84,0.5
103.0,83,0.5
103.5,82,0.5
104.0,83,0.5
104.5,85,0.5
105.0,86,0.5
105.5,88,0.5
106.0,90,0.5
106.5,89,0.5
107.0,90,0.5
107.5,89,0.5
108.0,91,0.5
108.5,91,0.5
109.0,90,0.5
109.5,88,0.5
110.0,88,0.5
110.5,90,0.5
111.0,90,0.5
111.5,89,0.5
112.0,88,0.5
112.5,90,0.5
113.0,90,0.5
113.5,90,0.5
114.0,89,0.5
114.5,90,0.5
115.0,92,0.5
115.5,94,0.5
116.0,95,0.5
116.5,96,0.5
117.0,96,0.5
117.5,95,0.5
118.0,96,0.5
118.5,94,0.5
119.0,96,0.5
119.5,95,0.5
120.0,97,0.5
120.5,97,0.5
121.0,98,0.5
121.5,99,0.5
122.0,98,0.5
122.5,97,0.5
123.0,99,0.5
123.5,98,0.5
124.0,96,0.5
124.5,96,0.5
125.0,94,0.5
125.5,94,0.5
126.0,92,0.5
126.5,91,0.5
127.0,89,0.5
127.5,87,0.5
128.0,87,0.5
128.5,86,0.5
129.0,85,0.5
129.5,87,0.5
130.0,87,0.5
130.5,87,0.5
131.0,87,0.5
131.5,87,0.5
132.0,85,0.5
132.5,86,0.5
133.0,86,0.5
133.5,86,0.5
134.0,86,0.5
134.5,86,0.5
135.0,88,0.5
135.5,89,0.5
136.0,89,0.5
136.5,90,0.5
137.0,88,0.5
137.5,89,0.5
138.0,91,0.5
138.5,89,0.5
139.0,91,0.5
139.5,90,0.5
140.0,90,0.5
140.5,90,0.5
141.0,89,0.5
141.5,91,0.5
142.0,91,0.5
142.5,90,0.5
143.0,88,0.5
143.5,90,0.5
144.0,89,0.5
144.5,87,0.5
145.0,89,0.5
145.5,89,0.5
146.0,91,0.5
146.5,90,0.5
147.0,88,0.5
147.5,90,0.5
148.0,88,0.5
148.5,90,0.5
149.0,92,0.5
149.5,91,0.5
150.0,89,0.5
150.5,91,0.5
151.0,90,0.5
151.5,88,0.5
152.0,86,0.5
152.5,88,0.5
153.0,88,0.5
153.5,86,0.5
154.0,84,0.5
154.5,82,0.5
155.0,82,0.5
155.5,82,0.5
156.0,82,0.5
156.5,84,0.5
157.0,85,0.5
157.5,83,0.5
158.0,83,0.5
158.5,81,0.5
159.0,79,0.5
159.5,80,0.5
160.0,82,0.5
160.5,82,0.5
161.0,83,0.5
161.5,84,0.5
162.0,85,0.5
162.5,83,0.5
163.0,83,0.5
163.5,83,0.5
164.0,82,0.5
164.5,80,0.5
165.0,78,0.5
165.5,78,0.5
166.0,77,0.5
166.5,78,0.5
167.0,77,0.5
167.5,77,0.5
168.0,77,0.5
168.5,79,0.5
169.0,78,0.5
169.5,80,0.5
170.0,78,0.5
170.5,78,0.5
171.0,79,0.5
171.5,77,0.5
172.0,75,0.5
172.5,74,0.5
173.0,76,0.5
173.5,74,0.5
174.0,72,0.5
174.5,71,0.5
175.0,69,0.5
175.5,71,0.5
176.0,70,0.5
176.5,72,0.5
177.0,74,0.5
177.5,72,0.5
178.0,74,0.5
178.5,73,0.5
179.0,75,0.5
179.5,76,0.5
180.0,74,0.5
180.5,72,0.5
181.0,74,0.5
181.5,75,0.5
182.0,77,0.5
182.5,77,0.5
183.0,75,0.5
183.5,75,0.5
184.0,75,0.5
184.5,76,0.5
185.0,74,0.5
185.5,74,0.5
186.0,76,0.5
186.5,75,0.5
187.0,73,0.5
187.5,74,0.5
188.0,75,0.5
188.5,74,0.5
189.0,74,0.5
189.5,73,0.5
190.0,73,0.5
190.5,71,0.5
191.0,71,0.5
191.5,71,0.5
192.0,73,0.5
192.5,74,0.5
193.0,72,0.5
193.5,72,0.5
194.0,74,0.5
194.5,73,0.5
195.0,75,0.5
195.5,76,0.5
196.0,75,0.5
196.5,76,0.5
197.0,78,0.5
197.5,78,0.5
198.0,78,0.5
198.5,79,0.5
199.0,78,0.5
199.5,79,0.5
200.0,79,0.5
200.5,78,0.5
201.0,78,0.5
201.5,78,0.5
202.0,79,0.5
202.5,77,0.5
203.0,78,0.5
203.5,80,0.5
204.0,81,0.5
204.5,83,0.5
205.0,82,0.5
205.5,80,0.5
206.0,82,0.5
206.5,83,0.5
207.0,84,0.5
207.5,83,0.5
208.0,85,0.5
208.5,87,0.5
209.0,88,0.5
209.5,90,0.5
210.0,89,0.5
210.5,90,0.5
211.0,92,0.5
211.5,94,0.5
212.0,95,0.5
212.5,93,0.5
213.0,91,0.5
213.5,90,0.5
214.0,90,0.5
214.5,89,0.5
215.0,88,0.5
215.5,90,0.5
216.0,88,0.5
216.5,90,0.5
217.0,89,0.5
217.5,88,0.5
218.0,86,0.5
218.5,88,0.5
219.0,89,0.5
219.5,89,0.5
220.0,88,0.5
220.5,89,0.5
221.0,91,0.5
221.5,92,0.5
222.0,91,0.5
222.5,90,0.5
223.0,89,0.5
223.5,89,0.5
224.0,87,0.5
224.5,86,0.5
225.0,85,0.5
225.5,83,0.5
226.0,83,0.5
226.5,81,0.5
227.0,80,0.5
227.5,81,0.5
228.0,79,0.5
228.5,81,0.5
229.0,79,0.5
229.5,81,0.5
230.0,82,0.5
230.5,83,0.5
231.0,83,0.5
231.5,84,0.5
232.0,83,0.5
232.5,81,0.5
233.0,82,0.5
233.5,80,0.5
234.0,78,0.5
234.5,78,0.5
235.0,79,0.5
235.5,79,0.5
236.0,78,0.5
236.5,76,0.5
237.0,77,0.5
237.5,78,0.5
238.0,77,0.5
238.5,78,0.5
239.0,76,0.5
239.5,75,0.5
240.0,77,0.5
240.5,79,0.5
241.0,80,0.5
241.5,79,0.5
242.0,77,0.5
242.5,78,0.5
243.0,80,0.5
243.5,79,0.5
244.0,77,0.5
244.5,78,0.5
245.0,79,0.5
245.5,78,0.5
246.0,76,0.5
246.5,74,0.5
247.0,76,0.5
247.5,77,0.5
248.0,75,0.5
248.5,74,0.5
249.0,75,0.5
249.5,74,0.5
250.0,72,0.5
250.5,73,0.5
251.0,71,0.5
251.5,71,0.5
252.0,70,0.5
252.5,71,0.5
253.0,73,0.5
253.5,75,0.5
254.0,75,0.5
254.5,77,0.5
255.0,79,0.5
255.5,81,0.5
256.0,82,0.5
256.5,81,0.5
257.0,81,0.5
257.5,83,0.5
258.0,81,0.5
258.5,81,0.5
259.0,80,0.5
259.5,78,0.5
260.0,77,0.5
260.5,78,0.5
261.0,78,0.5
261.5,77,0.5
262.0,77,0.5
262.5,75,0.5
263.0,75,0.5
263.5,77,0.5
264.0,76,0.5
264.5,76,0.5
265.0,74,0.5
265.5,76,0.5
266.0,75,0.5
266.5,74,0.5
267.0,74,0.5
267.5,73,0.5
268.0,75,0.5
268.5,74,0.5
269.0,74,0.5
269.5,73,0.5
270.0,72,0.5
270.5,71,0.5
271.0,73,0.5
271.5,72,0.5
272.0,74,0.5
272.5,76,0.5
273.0,77,0.5
273.5,75,0.5
274.0,73,0.5
274.5,72,0.5
275.0,71,0.5
275.5,73,0.5
276.0,72,0.5
276.5,74,0.5
277.0,74,0.5
277.5,73,0.5
278.0,73,0.5
278.5,71,0.5
279.0,71,0.5
279.5,71,0.5
280.0,69,0.5
280.5,70,0.5
281.0,70,0.5
281.5,69,0.5
282.0,69,0.5
282.5,68,0.5
283.0,68,0.5
283.5,70,0.5
284.0,70,0.5
284.5,72,0.5
285.0,70,0.5
285.5,72,0.5
286.0,70,0.5
286.5,70,0.5
287.0,70,0.5
287.5,71,0.5
288.0,69,0.5
288.5,69,0.5
289.0,67,0.5
289.5,67,0.5
290.0,66,0.5
290.5,65,0.5
291.0,63,0.5
291.5,61,0.5
292.0,59,0.5
292.5,58,0.5
293.0,60,0.5
293.5,58,0.5
294.0,57,0.5
294.5,56,0.5
295.0,56,0.5
295.5,57,0.5
296.0,59,0.5
296.5,57,0.5
297.0,58,0.5
297.5,57,0.5
298.0,55,0.5
298.5,54,0.5
299.0,53,0.5
299.5,53,0.5
300.0,55,0.5
300.5,56,0.5
301.0,54,0.5
301.5,53,0.5
302.0,53,0.5
302.5,53,0.5
303.0,54,0.5
303.5,53,0.5
304.0,55,0.5
304.5,55,0.5
305.0,53,0.5
305.5,53,0.5
306.0,54,0.5
306.5,55,0.5
307.0,55,0.5
307.5,53,0.5
308.0,52,0.5
308.5,53,0.5
309.0,55,0.5
309.5,53,0.5
310.0,51,0.5
310.5,53,0.5
311.0,54,0.5
311.5,56,0.5
312.0,58,0.5
312.5,56,0.5
313.0,58,0.5
313.5,60,0.5
314.0,59,0.5
314.5,59,0.5
315.0,57,0.5
315.5,59,0.5
316.0,57,0.5
316.5,56,0.5
317.0,58,0.5
317.5,60,0.5
318.0,58,0.5
318.5,56,0.5
319.0,56,0.5
319.5,58,0.5
320.0,56,0.5
320.5,55,0.5
321.0,53,0.5
321.5,52,0.5
322.0,53,0.5
322.5,52,0.5
323.0,51,0.5
323.5,50,0.5
324.0,51,0.5
324.5,50,0.5
325.0,48,0.5
325.5,46,0.5
326.0,47,0.5
326.5,49,0.5
327.0,48,0.5
327.5,47,0.5
328.0,49,0.5
328.5,51,0.5
329.0,52,0.5
329.5,51,0.5
330.0,52,0.5
330.5,54,0.5
331.0,54,0.5
331.5,54,0.5
332.0,53,0.5
332.5,51,0.5
333.0,51,0.5
333.5,53,0.5
334.0,53,0.5
334.5,54,0.5
335.0,52,0.5
335.5,52,0.5
336.0,50,0.5
336.5,48,0.5
337.0,50,0.5
337.5,48,0.5
338.0,49,0.5
338.5,51,0.5
339.0,53,0.5
339.5,52,0.5
340.0,54,0.5
340.5,53,0.5
341.0,55,0.5
341.5,53,0.5
342.0,53,0.5
342.5,53,0.5
343.0,55,0.5
343.5,53,0.5
344.0,51,0.5
344.5,51,0.5
345.0,50,0.5
345.5,52,0.5
346.0,54,0.5
346.5,52,0.5
347.0,52,0.5
347.5,51,0.5
348.0,50,0.5
348.5,51,0.5
349.0,53,0.5
349.5,54,0.5
350.0,53,0.5
350.5,53,0.5
351.0,54,0.5
351.5,55,0.5
352.0,57,0.5
352.5,55,0.5
353.0,54,0.5
353.5,52,0.5
354.0,53,0.5
354.5,53,0.5
355.0,55,0.5
355.5,55,0.5
356.0,55,0.5
356.5,53,0.5
357.0,53,0.5
357.5,53,0.5
358.0,51,0.5
358.5,49,0.5
359.0,49,0.5
359.5,48,0.5
360.0,48,0.5
360.5,47,0.5
361.0,46,0.5
361.5,44,0.5
362.0,42,0.5
362.5,43,0.5
363.0,45,0.5
363.5,44,0.5
364.0,44,0.5
364.5,45,0.5
365.0,45,0.5
365.5,47,0.5
366.0,45,0.5
366.5,43,0.5
367.0,45,0.5
367.5,46,0.5
368.0,45,0.5
368.5,47,0.5
369.0,45,0.5
369.5,45,0.5
370.0,43,0.5
370.5,45,0.5
371.0,46,0.5
371.5,46,0.5
372.0,48,0.5
372.5,50,0.5
373.0,50,0.5
373.5,48,0.5
374.0,50,0.5
374.5,50,0.5
375.0,51,0.5
375.5,50,0.5
376.0,49,0.5
376.5,49,0.5
377.0,47,0.5
377.5,49,0.5
378.0,49,0.5
378.5,51,0.5
379.0,52,0.5
379.5,52,0.5
380.0,52,0.5
380.5,51,0.5
381.0,51,0.5
381.5,50,0.5
382.0,49,0.5
382.5,50,0.5
383.0,50,0.5
383.5,50,0.5
384.0,48,0.5
384.5,49,0.5
385.0,51,0.5
385.5,51,0.5
386.0,51,0.5
386.5,49,0.5
387.0,51,0.5
387.5,49,0.5
388.0,48,0.5
388.5,49,0.5
389.0,51,0.5
389.5,50,0.5
390.0,50,0.5
390.5,50,0.5
391.0,50,0.5
391.5,50,0.5
392.0,52,0.5
392.5,54,0.5
393.0,56,0.5
393.5,57,0.5
394.0,55,0.5
394.5,57,0.5
395.0,57,0.5
395.5,55,0.5
396.0,54,0.5
396.5,55,0.5
397.0,53,0.5
397.5,52,0.5
398.0,51,0.5
398.5,49,0.5
399.0,48,0.5
399.5,48,0.5
400.0,49,0.5
400.5,48,0.5
401.0,48,0.5
401.5,46,0.5
402.0,47,0.5
402.5,49,0.5
403.0,47,0.5
403.5,48,0.5
404.0,48,0.5
404.5,50,0.5
405.0,51,0.5
405.5,51,0.5
406.0,50,0.5
406.5,52,0.5
407.0,54,0.5
407.5,53,0.5
408.0,54,0.5
408.5,56,0.5
409.0,56,0.5
409.5,58,0.5
410.0,56,0.5
410.5,54,0.5
411.0,52,0.5
411.5,50,0.5
412.0,48,0.5
412.5,48,0.5
413.0,50,0.5
413.5,52,0.5
414.0,50,0.5
414.5,50,0.5
415.0,51,0.5
415.5,51,0.5
416.0,50,0.5
416.5,50,0.5
417.0,49,0.5
417.5,50,0.5
418.0,48,0.5
418.5,48,0.5
419.0,49,0.5
419.5,51,0.5
420.0,53,0.5
420.5,52,0.5
421.0,51,0.5
421.5,50,0.5
422.0,49,0.5
422.5,50,0.5
423.0,51,0.5
423.5,51,0.5
424.0,51,0.5
424.5,53,0.5
425.0,51,0.5
425.5,49,0.5
426.0,50,0.5
426.5,50,0.5
427.0,51,0.5
427.5,51,0.5
428.0,49,0.5
428.5,51,0.5
429.0,49,0.5
429.5,48,0.5
430.0,47,0.5
430.5,47,0.5
431.0,49,0.5
431.5,47,0.5
432.0,46,0.5
432.5,47,0.5
433.0,49,0.5
433.5,51,0.5
434.0,50,0.5
434.5,51,0.5
435.0,51,0.5
435.5,50,0.5
436.0,48,0.5
436.5,47,0.5
437.0,49,0.5
437.5,47,0.5
438.0,48,0.5
438.5,48,0.5
439.0,49,0.5
439.5,49,0.5
440.0,51,0.5
440.5,49,0.5
441.0,50,0.5
441.5,52,0.5
442.0,54,0.5
442.5,52,0.5
443.0,53,0.5
443.5,53,0.5
444.0,55,0.5
444.5,53,0.5
445.0,55,0.5
445.5,54,0.5
446.0,55,0.5
446.5,57,0.5
447.0,59,0.5
447.5,57,0.5
448.0,57,0.5
448.5,56,0.5
449.0,55,0.5
449.5,54,0.5
450.0,52,0.5
450.5,51,0.5
451.0,52,0.5
451.5,54,0.5
452.0,54,0.5
452.5,56,0.5
453.0,54,0.5
453.5,53,0.5
454.0,55,0.5
454.5,56,0.5
455.0,56,0.5
455.5,57,0.5
456.0,55,0.5
456.5,53,0.5
457.0,51,0.5
457.5,50,0.5
458.0,51,0.5
458.5,50,0.5
459.0,49,0.5
459.5,50,0.5
460.0,50,0.5
460.5,51,0.5
461.0,49,0.5
461.5,51,0.5
462.0,52,0.5
462.5,51,0.5
463.0,50,0.5
463.5,52,0.5
464.0,52,0.5
464.5,51,0.5
465.0,52,0.5
465.5,54,0.5
466.0,54,0.5
466.5,52,0.5
467.0,51,0.5
467.5,50,0.5
468.0,50,0.5
468.5,51,0.5
469.0,51,0.5
469.5,50,0.5
470.0,50,0.5
470.5,49,0.5
471.0,51,0.5
471.5,50,0.5
472.0,49,0.5
472.5,50,0.5
473.0,51,0.5
473.5,50,0.5
474.0,51,0.5
474.5,53,0.5
475.0,51,0.5
475.5,52,0.5
476.0,54,0.5
476.5,52,0.5
477.0,51,0.5
477.5,52,0.5
478.0,53,0.5
478.5,51,0.5
479.0,50,0.5
479.5,51,0.5
480.0,53,0.5
480.5,55,0.5
481.0,53,0.5
481.5,52,0.5
482.0,53,0.5
482.5,53,0.5
483.0,53,0.5
483.5,55,0.5
484.0,53,0.5
484.5,52,0.5
485.0,53,0.5
485.5,51,0.5
486.0,49,0.5
486.5,47,0.5
487.0,46,0.5
487.5,44,0.5
488.0,45,0.5
488.5,43,0.5
489.0,44,0.5
489.5,42,0.5
490.0,41,0.5
490.5,39,0.5
491.0,41,0.5
491.5,41,0.5
492.0,43,0.5
492.5,41,0.5
493.0,40,0.5
493.5,40,0.5
494.0,39,0.5
494.5,41,0.5
495.0,42,0.5
495.5,43,0.5
496.0,43,0.5
496.5,41,0.5
497.0,43,0.5
497.5,45,0.5
498.0,43,0.5
498.5,41,0.5
499.0,39,0.5
499.5,39,0.5
500.0,38,0.5
500.5,38,0.5
501.0,37,0.5
501.5,38,0.5
502.0,40,0.5
502.5,41,0.5
503.0,39,0.5
503.5,40,0.5
504.0,38,0.5
504.5,40,0.5
505.0,42,0.5
505.5,41,0.5
506.0,42,0.5
506.5,41,0.5
507.0,40,0.5
507.5,41,0.5
508.0,43,0.5
508.5,42,0.5
509.0,40,0.5
509.5,42,0.5
510.0,44,0.5
510.5,46,0.5
511.0,44,0.5
511.5,46,0.5
512.0,48,0.5
512.5,48,0.5
513.0,46,0.5
513.5,45,0.5
514.0,45,0.5
514.5,44,0.5
515.0,42,0.5
515.5,40,0.5
516.0,41,0.5
516.5,39,0.5
517.0,41,0.5
517.5,43,0.5
518.0,44,0.5
518.5,44,0.5
519.0,45,0.5
519.5,43,0.5
520.0,44,0.5
520.5,46,0.5
521.0,47,0.5
521.5,46,0.5
522.0,45,0.5
522.5,47,0.5
523.0,45,0.5
523.5,46,0.5
524.0,47,0.5
524.5,49,0.5
525.0,48,0.5
525.5,50,0.5
526.0,49,0.5
526.5,48,0.5
527.0,49,0.5
527.5,50,0.5
528.0,48,0.5
528.5,47,0.5
529.0,45,0.5
529.5,46,0.5
530.0,44,0.5
530.5,45,0.5
531.0,46,0.5
531.5,44,0.5
532.0,46,0.5
532.5,46,0.5
533.0,45,0.5
533.5,45,0.5
534.0,46,0.5
534.5,48,0.5
535.0,50,0.5
535.5,50,0.5
536.0,48,0.5
536.5,49,0.5
537.0,51,0.5
537.5,50,0.5
538.0,49,0.5
538.5,50,0.5
539.0,49,0.5
539.5,51,0.5
540.0,50,0.5
540.5,50,0.5
541.0,50,0.5
541.5,52,0.5
542.0,52,0.5
542.5,51,0.5
543.0,52,0.5
543.5,52,0.5
544.0,52,0.5
544.5,52,0.5
545.0,51,0.5
545.5,49,0.5
546.0,48,0.5
546.5,49,0.5
547.0,51,0.5
547.5,53,0.5
548.0,52,0.5
548.5,51,0.5
549.0,51,0.5
549.5,51,0.5
550.0,51,0.5
550.5,50,0.5
551.0,49,0.5
551.5,49,0.5
552.0,50,0.5
552.5,51,0.5
553.0,51,0.5
553.5,53,0.5
554.0,52,0.5
554.5,54,0.5
555.0,52,0.5
555.5,50,0.5
556.0,49,0.5
556.5,49,0.5
557.0,50,0.5
557.5,52,0.5
558.0,53,0.5
558.5,52,0.5
559.0,53,0.5
559.5,51,0.5
560.0,53,0.5
560.5,54,0.5
561.0,52,0.5
561.5,54,0.5
562.0,56,0.5
562.5,56,0.5
563.0,58,0.5
563.5,59,0.5
564.0,59,0.5
564.5,58,0.5
565.0,60,0.5
565.5,61,0.5
566.0,60,0.5
566.5,58,0.5
567.0,58,0.5
567.5,56,0.5
568.0,58,0.5
568.5,58,0.5
569.0,57,0.5
569.5,59,0.5
570.0,59,0.5
570.5,61,0.5
571.0,63,0.5
571.5,63,0.5
572.0,62,0.5
572.5,63,0.5
573.0,65,0.5
573.5,66,0.5
574.0,67,0.5
574.5,66,0.5
575.0,64,0.5
575.5,62,0.5
576.0,63,0.5
576.5,64,0.5
577.0,63,0.5
577.5,65,0.5
578.0,63,0.5
578.5,61,0.5
579.0,62,0.5
579.5,63,0.5
580.0,61,0.5
580.5,59,0.5
581.0,58,0.5
581.5,60,0.5
582.0,62,0.5
582.5,63,0.5
583.0,62,0.5
583.5,61,0.5
584.0,59,0.5
584.5,59,0.5
585.0,59,0.5
585.5,57,0.5
586.0,56,0.5
586.5,56,0.5
587.0,54,0.5
587.5,53,0.5
588.0,52,0.5
588.5,51,0.5
589.0,51,0.5
589.5,50,0.5
590.0,50,0.5
590.5,50,0.5
591.0,48,0.5
591.5,50,0.5
592.0,50,0.5
592.5,50,0.5
593.0,52,0.5
593.5,50,0.5
594.0,52,0.5
594.5,54,0.5
595.0,56,0.5
595.5,58,0.5
596.0,60,0.5
596.5,59,0.5
597.0,60,0.5
597.5,59,0.5
598.0,57,0.5
598.5,56,0.5
599.0,54,0.5
599.5,53,0.5
600.0,51,0.5
600.5,51,0.5
601.0,52,0.5
601.5,54,0.5
602.0,56,0.5
602.5,56,0.5
603.0,55,0.5
603.5,54,0.5
604.0,54,0.5
604.5,55,0.5
605.0,56,0.5
605.5,58,0.5
606.0,60,0.5
606.5,58,0.5
607.0,59,0.5
607.5,59,0.5
608.0,57,0.5
608.5,59,0.5
609.0,61,0.5
609.5,61,0.5
610.0,60,0.5
610.5,62,0.5
611.0,64,0.5
611.5,64,0.5
612.0,65,0.5
612.5,65,0.5
613.0,65,0.5
613.5,67,0.5
614.0,66,0.5
614.5,68,0.5
615.0,70,0.5
615.5,70,0.5
616.0,72,0.5
616.5,72,0.5
617.0,71,0.5
617.5,73,0.5
618.0,73,0.5
618.5,74,0.5
619.0,72,0.5
619.5,73,0.5
620.0,73,0.5
620.5,72,0.5
621.0,72,0.5
621.5,71,0.5
622.0,71,0.5
622.5,72,0.5
623.0,74,0.5
623.5,76,0.5
624.0,76,0.5
624.5,74,0.5
625.0,73,0.5
625.5,74,0.5
626.0,75,0.5
626.5,77,0.5
627.0,77,0.5
627.5,77,0.5
628.0,77,0.5
628.5,76,0.5
629.0,76,0.5
629.5,75,0.5
630.0,77,0.5
630.5,79,0.5
631.0,81,0.5
631.5,80,0.5
632.0,82,0.5
632.5,82,0.5
633.0,80,0.5
633.5,80,0.5
634.0,78,0.5
634.5,77,0.5
635.0,77,0.5
635.5,76,0.5
636.0,76,0.5
636.5,77,0.5
637.0,76,0.5
637.5,74,0.5
638.0,72,0.5
638.5,71,0.5
639.0,70,0.5
639.5,70,0.5
640.0,70,0.5
640.5,70,0.5
641.0,72,0.5
641.5,70,0.5
642.0,72,0.5
642.5,73,0.5
643.0,75,0.5
643.5,77,0.5
644.0,76,0.5
644.5,77,0.5
645.0,75,0.5
645.5,73,0.5
646.0,73,0.5
646.5,75,0.5
647.0,75,0.5
647.5,73,0.5
648.0,74,0.5
648.5,73,0.5
649.0,74,0.5
649.5,74,0.5
650.0,72,0.5
650.5,72,0.5
651.0,73,0.5
651.5,74,0.5
652.0,73,0.5
652.5,72,0.5
653.0,73,0.5
653.5,75,0.5
654.0,74,0.5
654.5,75,0.5
655.0,74,0.5
655.5,75,0.5
656.0,77,0.5
656.5,78,0.5
657.0,78,0.5
657.5,80,0.5
658.0,78,0.5
658.5,77,0.5
659.0,75,0.5
659.5,77,0.5
660.0,77,0.5
660.5,75,0.5
661.0,74,0.5
661.5,74,0.5
662.0,76,0.5
662.5,75,0.5
663.0,76,0.5
663.5,77,0.5
664.0,78,0.5
664.5,76,0.5
665.0,75,0.5
665.5,77,0.5
666.0,77,0.5
666.5,76,0.5
667.0,78,0.5
667.5,76,0.5
668.0,77,0.5
668.5,77,0.5
669.0,77,0.5
669.5,79,0.5
670.0,78,0.5
670.5,78,0.5
671.0,79,0.5
671.5,80,0.5
672.0,82,0.5
672.5,82,0.5
673.0,82,0.5
673.5,80,0.5
674.0,82,0.5
674.5,82,0.5
675.0,80,0.5
675.5,79,0.5
676.0,81,0.5
676.5,80,0.5
677.0,80,0.5
677.5,78,0.5
678.0,77,0.5
678.5,77,0.5
679.0,78,0.5
679.5,80,0.5
680.0,78,0.5
680.5,79,0.5
681.0,80,0.5
681.5,81,0.5
682.0,82,0.5
682.5,82,0.5
683.0,81,0.5
683.5,81,0.5
684.0,79,0.5
684.5,77,0.5
685.0,77,0.5
685.5,78,0.5
686.0,78,0.5
686.5,80,0.5
687.0,82,0.5
687.5,84,0.5
688.0,82,0.5
688.5,84,0.5
689.0,86,0.5
689.5,84,0.5
690.0,84,0.5
690.5,85,0.5
691.0,86,0.5
691.5,85,0.5
692.0,87,0.5
692.5,88,0.5
693.0,88,0.5
693.5,90,0.5
694.0,90,0.5
694.5,89,0.5
695.0,90,0.5
695.5,89,0.5
696.0,89,0.5
696.5,89,0.5
697.0,91,0.5
697.5,93,0.5
698.0,94,0.5
698.5,92,0.5
699.0,92,0.5
699.5,90,0.5
700.0,89,0.5
700.5,87,0.5
701.0,89,0.5
701.5,89,0.5
702.0,88,0.5
702.5,90,0.5
703.0,89,0.5
703.5,88,0.5
704.0,86,0.5
704.5,87,0.5
705.0,88,0.5
705.5,86,0.5
706.0,85,0.5
706.5,83,0.5
707.0,81,0.5
707.5,80,0.5
708.0,78,0.5
708.5,78,0.5
709.0,78,0.5
709.5,76,0.5
710.0,76,0.5
710.5,77,0.5
711.0,78,0.5
711.5,80,0.5
712.0,80,0.5
712.5,81,0.5
713.0,82,0.5
713.5,82,0.5
714.0,83,0.5
714.5,82,0.5
715.0,84,0.5
715.5,86,0.5
716.0,85,0.5
716.5,86,0.5
717.0,88,0.5
717.5,89,0.5
718.0,91,0.5
718.5,92,0.5
719.0,90,0.5
719.5,90,0.5
720.0,90,0.5
720.5,92,0.5
721.0,94,0.5
721.5,95,0.5
722.0,97,0.5
722.5,98,0.5
723.0,96,0.5
723.5,94,0.5
724.0,95,0.5
724.5,96,0.5
725.0,96,0.5
725.5,94,0.5
726.0,96,0.5
726.5,98,0.5
727.0,98,0.5
727.5,99,0.5
728.0,101,0.5
728.5,102,0.5
729.0,102,0.5
729.5,102,0.5
730.0,104,0.5
730.5,105,0.5
731.0,103,0.5
731.5,102,0.5
732.0,104,0.5
732.5,105,0.5
733.0,103,0.5
733.5,102,0.5
734.0,103,0.5
734.5,103,0.5
735.0,105,0.5
735.5,105,0.5
736.0,107,0.5
736.5,105,0.5
737.0,103,0.5
737.5,104,0.5
738.0,106,0.5
738.5,104,0.5
739.0,102,0.5
739.5,100,0.5
740.0,98,0.5
740.5,98,0.5
741.0,98,0.5
741.5,100,0.5
742.0,98,0.5
742.5,97,0.5
743.0,98,0.5
743.5,96,0.5
744.0,97,0.5
744.5,99,0.5
745.0,101,0.5
745.5,101,0.5
746.0,99,0.5
746.5,101,0.5
747.0,101,0.5
747.5,100,0.5
748.0,98,0.5
748.5,100,0.5
749.0,101,0.5
749.5,99,0.5
750.0,101,0.5
750.5,102,0.5
751.0,100,0.5
751.5,101,0.5
752.0,103,0.5
752.5,103,0.5
753.0,103,0.5
753.5,103,0.5
754.0,103,0.5
754.5,102,0.5
755.0,101,0.5
755.5,100,0.5
756.0,101,0.5
756.5,103,0.5
757.0,105,0.5
757.5,103,0.5
758.0,103,0.5
758.5,103,0.5
759.0,105,0.5
759.5,103,0.5
760.0,105,0.5
760.5,105,0.5
761.0,107,0.5
761.5,105,0.5
762.0,107,0.5
762.5,108,0.5
763.0,108,0.5
763.5,107,0.5
764.0,108,0.5
764.5,107,0.5
765.0,105,0.5
765.5,106,0.5
766.0,107,0.5
766.5,108,0.5
767.0,108,0.5
767.5,108,0.5
768.0,107,0.5
768.5,107,0.5
769.0,106,0.5
769.5,107,0.5
770.0,107,0.5
770.5,107,0.5
771.0,105,0.5
771.5,107,0.5
772.0,105,0.5
772.5,105,0.5
773.0,107,0.5
773.5,105,0.5
774.0,105,0.5
774.5,104,0.5
775.0,103,0.5
775.5,101,0.5
776.0,100,0.5
776.5,99,0.5
777.0,98,0.5
777.5,99,0.5
778.0,99,0.5
778.5,99,0.5
779.0,98,0.5
779.5,97,0.5
780.0,96,0.5
780.5,98,0.5
781.0,100,0.5
781.5,100,0.5
782.0,102,0.5
782.5,104,0.5
783.0,103,0.5
783.5,102,0.5
784.0,103,0.5
784.5,101,0.5
785.0,100,0.5
785.5,99,0.5
786.0,98,0.5
786.5,98,0.5
787.0,100,0.5
787.5,100,0.5
788.0,102,0.5
788.5,101,0.5
789.0,100,0.5
789.5,99,0.5
790.0,100,0.5
790.5,101,0.5
791.0,101,0.5
791.5,103,0.5
792.0,103,0.5
792.5,102,0.5
793.0,104,0.5
793.5,106,0.5
794.0,105,0.5
794.5,105,0.5
795.0,105,0.5
795.5,106,0.5
796.0,105,0.5
796.5,107,0.5
797.0,107,0.5
797.5,108,0.5
798.0,108,0.5
798.5,108,0.5
799.0,108,0.5
799.5,108,0.5
800.0,108,0.5
800.5,108,0.5
801.0,106,0.5
801.5,106,0.5
802.0,108,0.5
802.5,108,0.5
803.0,108,0.5
803.5,108,0.5
804.0,106,0.5
804.5,105,0.5
805.0,104,0.5
805.5,103,0.5
806.0,101,0.5
806.5,100,0.5
807.0,98,0.5
807.5,98,0.5
808.0,100,0.5
808.5,99,0.5
809.0,97,0.5
809.5,95,0.5
810.0,95,0.5
810.5,93,0.5
811.0,91,0.5
811.5,89,0.5
812.0,87,0.5
812.5,87,0.5
813.0,87,0.5
813.5,89,0.5
814.0,89,0.5
814.5,87,0.5
815.0,88,0.5
815.5,86,0.5
816.0,86,0.5
816.5,84,0.5
817.0,86,0.5
817.5,87,0.5
818.0,88,0.5
818.5,89,0.5
819.0,88,0.5
819.5,89,0.5
820.0,90,0.5
820.5,88,0.5
821.0,90,0.5
821.5,88,0.5
822.0,89,0.5
822.5,90,0.5
823.0,88,0.5
823.5,86,0.5
824.0,86,0.5
824.5,88,0.5
825.0,89,0.5
825.5,89,0.5
826.0,90,0.5
826.5,89,0.5
827.0,91,0.5
827.5,92,0.5
828.0,90,0.5
828.5,91,0.5
829.0,92,0.5
829.5,94,0.5
830.0,92,0.5
830.5,93,0.5
831.0,91,0.5
831.5,92,0.5
832.0,93,0.5
832.5,94,0.5
833.0,95,0.5
833.5,97,0.5
834.0,99,0.5
834.5,101,0.5
835.0,100,0.5
835.5,102,0.5
836.0,103,0.5
836.5,102,0.5
837.0,100,0.5
837.5,101,0.5
838.0,100,0.5
838.5,102,0.5
839.0,104,0.5
839.5,106,0.5
840.0,105,0.5
840.5,104,0.5
841.0,103,0.5
841.5,104,0.5
842.0,106,0.5
842.5,104,0.5
843.0,105,0.5
843.5,105,0.5
844.0,104,0.5
844.5,102,0.5
845.0,101,0.5
845.5,103,0.5
846.0,103,0.5
846.5,102,0.5
847.0,102,0.5
847.5,101,0.5
848.0,101,0.5
848.5,100,0.5
849.0,102,0.5
849.5,100,0.5
850.0,102,0.5
850.5,104,0.5
851.0,103,0.5
851.5,105,0.5
852.0,105,0.5
852.5,104,0.5
853.0,104,0.5
853.5,106,0.5
854.0,104,0.5
854.5,104,0.5
855.0,102,0.5
855.5,102,0.5
856.0,103,0.5
856.5,101,0.5
857.0,103,0.5
857.5,104,0.5
858.0,104,0.5
858.5,105,0.5
859.0,103,0.5
859.5,101,0.5
860.0,101,0.5
860.5,103,0.5
861.0,103,0.5
861.5,103,0.5
862.0,103,0.5
862.5,103,0.5
863.0,103,0.5
863.5,101,0.5
864.0,99,0.5
864.5,99,0.5
865.0,98,0.5
865.5,99,0.5
866.0,101,0.5
866.5,102,0.5
867.0,103,0.5
867.5,103,0.5
868.0,101,0.5
868.5,102,0.5
869.0,102,0.5
869.5,104,0.5
870.0,105,0.5
870.5,107,0.5
871.0,105,0.5
871.5,105,0.5
872.0,106,0.5
872.5,105,0.5
873.0,103,0.5
873.5,102,0.5
874.0,103,0.5
874.5,101,0.5
875.0,103,0.5
875.5,104,0.5
876.0,102,0.5
876.5,103,0.5
877.0,101,0.5
877.5,99,0.5
878.0,98,0.5
878.5,97,0.5
879.0,96,0.5
879.5,95,0.5
880.0,93,0.5
880.5,91,0.5
881.0,92,0.5
881.5,94,0.5
882.0,94,0.5
882.5,94,0.5
883.0,92,0.5
883.5,93,0.5
884.0,92,0.5
884.5,92,0.5
885.0,91,0.5
885.5,93,0.5
886.0,95,0.5
886.5,93,0.5
887.0,95,0.5
887.5,94,0.5
888.0,93,0.5
888.5,91,0.5
889.0,91,0.5
889.5,89,0.5
890.0,89,0.5
890.5,89,0.5
891.0,91,0.5
891.5,93,0.5
892.0,91,0.5
892.5,92,0.5
893.0,91,0.5
893.5,92,0.5
894.0,92,0.5
894.5,90,0.5
895.0,92,0.5
895.5,90,0.5
896.0,88,0.5
896.5,88,0.5
897.0,90,0.5
897.5,91,0.5
898.0,91,0.5
898.5,89,0.5
899.0,88,0.5
899.5,86,0.5
900.0,85,0.5
900.5,86,0.5
901.0,85,0.5
901.5,83,0.5
902.0,83,0.5
902.5,83,0.5
903.0,83,0.5
903.5,84,0.5
904.0,83,0.5
904.5,84,0.5
905.0,83,0.5
905.5,84,0.5
906.0,83,0.5
906.5,85,0.5
907.0,84,0.5
907.5,83,0.5
908.0,82,0.5
908.5,83,0.5
909.0,82,0.5
909.5,84,0.5
910.0,83,0.5
910.5,83,0.5
911.0,84,0.5
911.5,85,0.5
912.0,83,0.5
912.5,84,0.5
913.0,86,0.5
913.5,85,0.5
914.0,83,0.5
914.5,83,0.5
915.0,83,0.5
915.5,81,0.5
916.0,81,0.5
916.5,79,0.5
917.0,81,0.5
917.5,80,0.5
918.0,81,0.5
918.5,81,0.5
919.0,83,0.5
919.5,82,0.5
920.0,80,0.5
920.5,81,0.5
921.0,81,0.5
921.5,79,0.5
922.0,79,0.5
922.5,81,0.5
923.0,83,0.5
923.5,83,0.5
924.0,83,0.5
924.5,83,0.5
925.0,82,0.5
925.5,80,0.5
926.0,82,0.5
926.5,84,0.5
927.0,86,0.5
927.5,88,0.5
928.0,86,0.5
928.5,85,0.5
929.0,87,0.5
929.5,85,0.5
930.0,87,0.5
930.5,88,0.5
931.0,90,0.5
931.5,90,0.5
932.0,90,0.5
932.5,91,0.5
933.0,89,0.5
933.5,90,0.5
934.0,89,0.5
934.5,91,0.5
935.0,92,0.5
935.5,93,0.5
936.0,91,0.5
936.5,92,0.5
937.0,92,0.5
937.5,92,0.5
938.0,90,0.5
938.5,91,0.5
939.0,90,0.5
939.5,89,0.5
940.0,89,0.5
940.5,91,0.5
941.0,90,0.5
941.5,91,0.5
942.0,89,0.5
942.5,90,0.5
943.0,92,0.5
943.5,93,0.5
944.0,93,0.5
944.5,93,0.5
945.0,92,0.5
945.5,93,0.5
946.0,91,0.5
946.5,91,0.5
947.0,93,0.5
947.5,93,0.5
948.0,95,0.5
948.5,95,0.5
949.0,93,0.5
949.5,93,0.5
950.0,92,0.5
950.5,92,0.5
951.0,92,0.5
951.5,92,0.5
952.0,94,0.5
952.5,93,0.5
953.0,92,0.5
953.5,94,0.5
954.0,95,0.5
954.5,94,0.5
955.0,92,0.5
955.5,94,0.5
956.0,93,0.5
956.5,94,0.5
957.0,96,0.5
957.5,96,0.5
958.0,94,0.5
958.5,96,0.5
959.0,94,0.5
959.5,96,0.5
960.0,94,0.5
960.5,96,0.5
961.0,94,0.5
961.5,94,0.5
962.0,94,0.5
962.5,95,0.5
963.0,95,0.5
963.5,95,0.5
964.0,96,0.5
964.5,96,0.5
965.0,96,0.5
965.5,98,0.5
966.0,98,0.5
966.5,99,0.5
967.0,100,0.5
967.5,102,0.5
968.0,100,0.5
968.5,98,0.5
969.0,99,0.5
969.5,99,0.5
970.0,100,0.5
970.5,98,0.5
971.0,100,0.5
971.5,99,0.5
972.0,97,0.5
972.5,98,0.5
973.0,97,0.5
973.5,96,0.5
974.0,95,0.5
974.5,96,0.5
975.0,98,0.5
975.5,100,0.5
976.0,100,0.5
976.5,99,0.5
977.0,101,0.5
977.5,100,0.5
978.0,100,0.5
978.5,98,0.5
979.0,98,0.5
979.5,97,0.5
980.0,97,0.5
980.5,95,0.5
981.0,95,0.5
981.5,96,0.5
982.0,98,0.5
982.5,98,0.5
983.0,96,0.5
983.5,98,0.5
984.0,98,0.5
984.5,100,0.5
985.0,102,0.5
985.5,100,0.5
986.0,99,0.5
986.5,97,0.5
987.0,95,0.5
987.5,96,0.5
988.0,97,0.5
988.5,98,0.5
989.0,96,0.5
989.5,95,0.5
990.0,97,0.5
990.5,97,0.5
991.0,98,0.5
991.5,98,0.5
992.0,98,0.5
992.5,100,0.5
993.0,101,0.5
993.5,103,0.5
994.0,101,0.5
994.5,102,0.5
995.0,100,0.5
995.5,101,0.5
996.0,99,0.5
996.5,100,0.5
997.0,99,0.5
997.5,99,0.5
998.0,101,0.5
998.5,103,0.5
999.0,104,0.5
999.5,102,0.5
1000.0,103,0.5
1000.5,105,0.5
1001.0,107,0.5
1001.5,106,0.5
1002.0,107,0.5
1002.5,105,0.5
1003.0,105,0.5
1003.5,107,0.5
1004.0,105,0.5
1004.5,104,0.5
1005.0,106,0.5
1005.5,107,0.5
1006.0,107,0.5
1006.5,107,0.5
1007.0,105,0.5
1007.5,106,0.5
1008.0,108,0.5
1008.5,108,0.5
1009.0,108,0.5
1009.5,108,0.5
1010.0,108,0.5
1010.5,108,0.5
1011.0,107,0.5
1011.5,106,0.5
1012.0,108,0.5
1012.5,108,0.5
1013.0,108,0.5
1013.5,108,0.5
1014.0,108,0.5
1014.5,106,0.5
1015.0,108,0.5
1015.5,108,0.5
1016.0,108,0.5
1016.5,108,0.5
1017.0,108,0.5
1017.5,106,0.5
1018.0,107,0.5
1018.5,108,0.5
1019.0,107,0.5
1019.5,108,0.5
1020.0,108,0.5
1020.5,107,0.5
1021.0,106,0.5
1021.5,106,0.5
1022.0,104,0.5
1022.5,102,0.5
1023.0,104,0.5
1023.5,106,0.5
1024.0,107,0.5
1024.5,106,0.5
1025.0,104,0.5
1025.5,106,0.5
1026.0,108,0.5
1026.5,108,0.5
1027.0,108,0.5
1027.5,106,0.5
1028.0,106,0.5
1028.5,106,0.5
1029.0,104,0.5
1029.5,106,0.5
1030.0,105,0.5
1030.5,107,0.5
1031.0,105,0.5
1031.5,107,0.5
1032.0,108,0.5
1032.5,106,0.5
1033.0,106,0.5
1033.5,104,0.5
1034.0,103,0.5
1034.5,103,0.5
1035.0,101,0.5
1035.5,101,0.5
1036.0,102,0.5
1036.5,104,0.5
1037.0,106,0.5
1037.5,104,0.5
1038.0,106,0.5
1038.5,106,0.5
1039.0,108,0.5
1039.5,108,0.5
1040.0,108,0.5
1040.5,107,0.5
1041.0,105,0.5
1041.5,105,0.5
1042.0,104,0.5
1042.5,104,0.5
1043.0,105,0.5
1043.5,107,0.5
1044.0,106,0.5
1044.5,107,0.5
1045.0,106,0.5
1045.5,106,0.5
1046.0,106,0.5
1046.5,106,0.5
1047.0,106,0.5
1047.5,105,0.5
1048.0,104,0.5
1048.5,104,0.5
1049.0,103,0.5
1049.5,102,0.5
1050.0,102,0.5
1050.5,103,0.5
1051.0,102,0.5
1051.5,102,0.5
1052.0,104,0.5
1052.5,105,0.5
1053.0,106,0.5
1053.5,105,0.5
1054.0,105,0.5
1054.5,107,0.5
1055.0,105,0.5
1055.5,107,0.5
1056.0,107,0.5
1056.5,108,0.5
1057.0,108,0.5
1057.5,107,0.5
1058.0,108,0.5
1058.5,108,0.5
1059.0,108,0.5
1059.5,107,0.5
1060.0,105,0.5
1060.5,107,0.5
1061.0,106,0.5
1061.5,108,0.5
1062.0,108,0.5
1062.5,108,0.5
1063.0,107,0.5
1063.5,108,0.5
1064.0,108,0.5
1064.5,108,0.5
1065.0,107,0.5
1065.5,108,0.5
1066.0,108,0.5
1066.5,106,0.5
1067.0,104,0.5
1067.5,106,0.5
1068.0,107,0.5
1068.5,107,0.5
1069.0,105,0.5
1069.5,105,0.5
1070.0,106,0.5
1070.5,105,0.5
1071.0,107,0.5
1071.5,105,0.5
1072.0,106,0.5
1072.5,108,0.5
1073.0,108,0.5
1073.5,107,0.5
1074.0,108,0.5
1074.5,107,0.5
1075.0,107,0.5
1075.5,105,0.5
1076.0,105,0.5
1076.5,103,0.5
1077.0,101,0.5
1077.5,101,0.5
1078.0,103,0.5
1078.5,103,0.5
1079.0,103,0.5
1079.5,105,0.5
1080.0,103,0.5
1080.5,102,0.5
1081.0,104,0.5
1081.5,106,0.5
1082.0,105,0.5
1082.5,104,0.5
1083.0,106,0.5
1083.5,108,0.5
1084.0,108,0.5
1084.5,108,0.5
1085.0,108,0.5
1085.5,107,0.5
1086.0,108,0.5
1086.5,106,0.5
1087.0,105,0.5
1087.5,104,0.5
1088.0,104,0.5
1088.5,104,0.5
1089.0,105,0.5
1089.5,104,0.5
1090.0,102,0.5
1090.5,102,0.5
1091.0,104,0.5
1091.5,105,0.5
1092.0,103,0.5
1092.5,101,0.5
1093.0,100,0.5
1093.5,99,0.5
1094.0,97,0.5
1094.5,97,0.5
1095.0,95,0.5
1095.5,94,0.5
1096.0,96,0.5
1096.5,94,0.5
1097.0,95,0.5
1097.5,97,0.5
1098.0,98,0.5
1098.5,100,0.5
1099.0,100,0.5
1099.5,102,0.5
1100.0,103,0.5
1100.5,102,0.5
1101.0,100,0.5
1101.5,99,0.5
1102.0,101,0.5
1102.5,100,0.5
1103.0,100,0.5
1103.5,98,0.5
1104.0,96,0.5
1104.5,98,0.5
1105.0,96,0.5
1105.5,94,0.5
1106.0,93,0.5
1106.5,93,0.5
1107.0,93,0.5
1107.5,94,0.5
1108.0,95,0.5
1108.5,93,0.5
1109.0,93,0.5
1109.5,93,0.5
1110.0,95,0.5
1110.5,96,0.5
1111.0,97,0.5
1111.5,95,0.5
1112.0,93,0.5
1112.5,91,0.5
1113.0,90,0.5
1113.5,91,0.5
1114.0,92,0.5
1114.5,91,0.5
1115.0,93,0.5
1115.5,94,0.5
1116.0,96,0.5
1116.5,97,0.5
1117.0,96,0.5
1117.5,96,0.5
1118.0,96,0.5
1118.5,97,0.5
1119.0,95,0.5
1119.5,97,0.5
1120.0,95,0.5
1120.5,95,0.5
1121.0,96,0.5
1121.5,94,0.5
1122.0,96,0.5
1122.5,97,0.5
1123.0,99,0.5
1123.5,100,0.5
1124.0,98,0.5
1124.5,96,0.5
1125.0,97,0.5
1125.5,97,0.5
1126.0,98,0.5
1126.5,96,0.5
1127.0,95,0.5
1127.5,96,0.5
1128.0,96,0.5
1128.5,97,0.5
1129.0,98,0.5
1129.5,98,0.5
1130.0,96,0.5
1130.5,96,0.5
1131.0,98,0.5
1131.5,99,0.5
1132.0,97,0.5
1132.5,97,0.5
1133.0,97,0.5
1133.5,99,0.5
1134.0,100,0.5
1134.5,102,0.5
1135.0,100,0.5
1135.5,101,0.5
1136.0,99,0.5
1136.5,98,0.5
1137.0,99,0.5
1137.5,97,0.5
1138.0,98,0.5
1138.5,98,0.5
1139.0,97,0.5
1139.5,98,0.5
1140.0,97,0.5
1140.5,99,0.5
1141.0,97,0.5
1141.5,95,0.5
1142.0,94,0.5
1142.5,96,0.5
1143.0,96,0.5
1143.5,94,0.5
1144.0,93,0.5
1144.5,93,0.5
1145.0,95,0.5
1145.5,97,0.5
1146.0,97,0.5
1146.5,99,0.5
1147.0,97,0.5
1147.5,96,0.5
1148.0,97,0.5
1148.5,97,0.5
1149.0,99,0.5
1149.5,100,0.5
1150.0,100,0.5
1150.5,101,0.5
1151.0,103,0.5
1151.5,104,0.5
1152.0,103,0.5
1152.5,104,0.5
1153.0,105,0.5
1153.5,105,0.5
1154.0,103,0.5
1154.5,101,0.5
1155.0,99,0.5
1155.5,100,0.5
1156.0,100,0.5
1156.5,101,0.5
1157.0,102,0.5
1157.5,103,0.5
1158.0,103,0.5
1158.5,103,0.5
1159.0,101,0.5
1159.5,101,0.5
1160.0,102,0.5
1160.5,102,0.5
1161.0,102,0.5
1161.5,100,0.5
1162.0,99,0.5
1162.5,101,0.5
1163.0,99,0.5
1163.5,99,0.5
1164.0,100,0.5
1164.5,98,0.5
1165.0,96,0.5
1165.5,97,0.5
1166.0,96,0.5
1166.5,95,0.5
1167.0,95,0.5
1167.5,93,0.5
1168.0,92,0.5
1168.5,94,0.5
1169.0,94,0.5
1169.5,95,0.5
1170.0,97,0.5
1170.5,95,0.5
1171.0,93,0.5
1171.5,93,0.5
1172.0,92,0.5
1172.5,92,0.5
1173.0,94,0.5
1173.5,95,0.5
1174.0,94,0.5
1174.5,95,0.5
1175.0,95,0.5
1175.5,97,0.5
1176.0,96,0.5
1176.5,94,0.5
1177.0,94,0.5
1177.5,92,0.5
1178.0,91,0.5
1178.5,91,0.5
1179.0,91,0.5
1179.5,91,0.5
1180.0,92,0.5
1180.5,91,0.5
1181.0,91,0.5
1181.5,92,0.5
1182.0,90,0.5
1182.5,90,0.5
1183.0,90,0.5
1183.5,92,0.5
1184.0,91,0.5
1184.5,91,0.5
1185.0,90,0.5
1185.5,88,0.5
1186.0,88,0.5
1186.5,86,0.5
1187.0,88,0.5
1187.5,87,0.5
1188.0,86,0.5
1188.5,84,0.5
1189.0,85,0.5
1189.5,84,0.5
1190.0,82,0.5
1190.5,83,0.5
1191.0,82,0.5
1191.5,81,0.5
1192.0,81,0.5
1192.5,83,0.5
1193.0,85,0.5
1193.5,85,0.5
1194.0,83,0.5
1194.5,81,0.5
1195.0,79,0.5
1195.5,77,0.5
1196.0,78,0.5
1196.5,78,0.5
1197.0,77,0.5
1197.5,77,0.5
1198.0,78,0.5
1198.5,80,0.5
1199.0,78,0.5
1199.5,76,0.5
1200.0,76,0.5
1200.5,77,0.5
1201.0,78,0.5
1201.5,80,0.5
1202.0,80,0.5
1202.5,78,0.5
1203.0,80,0.5
1203.5,79,0.5
1204.0,80,0.5
1204.5,80,0.5
1205.0,78,0.5
1205.5,76,0.5
1206.0,76,0.5
1206.5,74,0.5
1207.0,74,0.5
1207.5,75,0.5
1208.0,73,0.5
1208.5,74,0.5
1209.0,74,0.5
1209.5,73,0.5
1210.0,71,0.5
1210.5,71,0.5
1211.0,71,0.5
1211.5,72,0.5
1212.0,72,0.5
1212.5,72,0.5
1213.0,70,0.5
1213.5,70,0.5
1214.0,71,0.5
1214.5,70,0.5
1215.0,70,0.5
1215.5,70,0.5
1216.0,69,0.5
1216.5,67,0.5
1217.0,67,0.5
1217.5,66,0.5
1218.0,65,0.5
1218.5,65,0.5
1219.0,64,0.5
1219.5,63,0.5
1220.0,62,0.5
1220.5,64,0.5
1221.0,64,0.5
1221.5,64,0.5
1222.0,62,0.5
1222.5,60,0.5
1223.0,59,0.5
1223.5,61,0.5
1224.0,63,0.5
1224.5,61,0.5
1225.0,59,0.5
1225.5,61,0.5
1226.0,59,0.5
1226.5,58,0.5
1227.0,59,0.5
1227.5,58,0.5
1228.0,56,0.5
1228.5,54,0.5
1229.0,52,0.5
1229.5,54,0.5
1230.0,52,0.5
1230.5,54,0.5
1231.0,55,0.5
1231.5,53,0.5
1232.0,54,0.5
1232.5,53,0.5
1233.0,52,0.5
1233.5,54,0.5
1234.0,53,0.5
1234.5,52,0.5
1235.0,54,0.5
1235.5,55,0.5
1236.0,55,0.5
1236.5,57,0.5
1237.0,59,0.5
1237.5,57,0.5
1238.0,56,0.5
1238.5,54,0.5
1239.0,54,0.5
1239.5,54,0.5
1240.0,56,0.5
1240.5,57,0.5
1241.0,57,0.5
1241.5,56,0.5
1242.0,58,0.5
1242.5,59,0.5
1243.0,58,0.5
1243.5,57,0.5
1244.0,58,0.5
1244.5,60,0.5
1245.0,59,0.5
1245.5,57,0.5
1246.0,59,0.5
1246.5,59,0.5
1247.0,60,0.5
1247.5,58,0.5
1248.0,58,0.5
1248.5,58,0.5
1249.0,57,0.5
1249.5,56,0.5
1250.0,57,0.5
1250.5,56,0.5
1251.0,57,0.5
1251.5,58,0.5
1252.0,58,0.5
1252.5,58,0.5
1253.0,60,0.5
1253.5,60,0.5
1254.0,62,0.5
1254.5,61,0.5
1255.0,61,0.5
1255.5,63,0.5
1256.0,62,0.5
1256.5,64,0.5
1257.0,63,0.5
1257.5,65,0.5
1258.0,65,0.5
1258.5,66,0.5
1259.0,64,0.5
1259.5,62,0.5
1260.0,61,0.5
1260.5,60,0.5
1261.0,62,0.5
1261.5,60,0.5
1262.0,60,0.5
1262.5,60,0.5
1263.0,60,0.5
1263.5,62,0.5
1264.0,64,0.5
1264.5,64,0.5
1265.0,65,0.5
1265.5,63,0.5
1266.0,65,0.5
1266.5,66,0.5
1267.0,66,0.5
1267.5,67,0.5
1268.0,69,0.5
1268.5,70,0.5
1269.0,69,0.5
1269.5,69,0.5
1270.0,69,0.5
1270.5,68,0.5
1271.0,67,0.5
1271.5,65,0.5
1272.0,63,0.5
1272.5,65,0.5
1273.0,65,0.5
1273.5,66,0.5
1274.0,64,0.5
1274.5,63,0.5
1275.0,64,0.5
1275.5,62,0.5
1276.0,61,0.5
1276.5,62,0.5
1277.0,61,0.5
1277.5,60,0.5
1278.0,59,0.5
1278.5,57,0.5
1279.0,58,0.5
1279.5,58,0.5
1280.0,59,0.5
1280.5,58,0.5
1281.0,60,0.5
1281.5,58,0.5
1282.0,56,0.5
1282.5,54,0.5
1283.0,53,0.5
1283.5,55,0.5
1284.0,54,0.5
1284.5,54,0.5
1285.0,54,0.5
1285.5,53,0.5
1286.0,53,0.5
1286.5,51,0.5
1287.0,50,0.5
1287.5,52,0.5
1288.0,51,0.5
1288.5,50,0.5
1289.0,48,0.5
1289.5,46,0.5
1290.0,48,0.5
1290.5,50,0.5
1291.0,52,0.5
1291.5,54,0.5
1292.0,54,0.5
1292.5,54,0.5
1293.0,55,0.5
1293.5,56,0.5
1294.0,57,0.5
1294.5,59,0.5
1295.0,60,0.5
1295.5,60,0.5
1296.0,62,0.5
1296.5,63,0.5
1297.0,63,0.5
1297.5,62,0.5
1298.0,63,0.5
1298.5,63,0.5
1299.0,65,0.5
1299.5,67,0.5
1300.0,65,0.5
1300.5,63,0.5
1301.0,62,0.5
1301.5,64,0.5
1302.0,63,0.5
1302.5,62,0.5
1303.0,61,0.5
1303.5,63,0.5
1304.0,65,0.5
1304.5,63,0.5
1305.0,63,0.5
1305.5,61,0.5
1306.0,59,0.5
1306.5,57,0.5
1307.0,56,0.5
1307.5,58,0.5
1308.0,59,0.5
1308.5,59,0.5
1309.0,57,0.5
1309.5,55,0.5
1310.0,56,0.5
1310.5,57,0.5
1311.0,57,0.5
1311.5,58,0.5
1312.0,59,0.5
1312.5,58,0.5
1313.0,56,0.5
1313.5,55,0.5
1314.0,55,0.5
1314.5,55,0.5
1315.0,53,0.5
1315.5,51,0.5
1316.0,53,0.5
1316.5,53,0.5
1317.0,53,0.5
1317.5,54,0.5
1318.0,52,0.5
1318.5,50,0.5
1319.0,51,0.5
1319.5,51,0.5
1320.0,51,0.5
1320.5,49,0.5
1321.0,50,0.5
1321.5,49,0.5
1322.0,50,0.5
1322.5,50,0.5
1323.0,50,0.5
1323.5,51,0.5
1324.0,52,0.5
1324.5,54,0.5
1325.0,52,0.5
1325.5,53,0.5
1326.0,54,0.5
1326.5,54,0.5
1327.0,56,0.5
1327.5,58,0.5
1328.0,57,0.5
1328.5,57,0.5
1329.0,55,0.5
1329.5,53,0.5
1330.0,52,0.5
1330.5,51,0.5
1331.0,53,0.5
1331.5,52,0.5
1332.0,50,0.5
1332.5,50,0.5
1333.0,50,0.5
1333.5,48,0.5
1334.0,48,0.5
1334.5,49,0.5
1335.0,48,0.5
1335.5,50,0.5
1336.0,48,0.5
1336.5,50,0.5
1337.0,51,0.5
1337.5,51,0.5
1338.0,53,0.5
1338.5,55,0.5
1339.0,57,0.5
1339.5,58,0.5
1340.0,56,0.5
1340.5,58,0.5
1341.0,57,0.5
1341.5,58,0.5
1342.0,60,0.5
1342.5,59,0.5
1343.0,57,0.5
1343.5,59,0.5
1344.0,60,0.5
1344.5,59,0.5
1345.0,57,0.5
1345.5,55,0.5
1346.0,55,0.5
1346.5,55,0.5
1347.0,57,0.5
1347.5,57,0.5
1348.0,57,0.5
1348.5,57,0.5
1349.0,56,0.5
1349.5,54,0.5
1350.0,53,0.5
1350.5,53,0.5
1351.0,53,0.5
1351.5,55,0.5
1352.0,57,0.5
1352.5,57,0.5
1353.0,57,0.5
1353.5,55,0.5
1354.0,55,0.5
1354.5,56,0.5
1355.0,57,0.5
1355.5,57,0.5
1356.0,57,0.5
1356.5,57,0.5
1357.0,55,0.5
1357.5,54,0.5
1358.0,53,0.5
1358.5,54,0.5
1359.0,54,0.5
1359.5,54,0.5
1360.0,53,0.5
1360.5,55,0.5
1361.0,56,0.5
1361.5,58,0.5
1362.0,57,0.5
1362.5,55,0.5
1363.0,54,0.5
1363.5,56,0.5
1364.0,55,0.5
1364.5,54,0.5
1365.0,55,0.5
1365.5,53,0.5
1366.0,54,0.5
1366.5,52,0.5
1367.0,54,0.5
1367.5,55,0.5
1368.0,56,0.5
1368.5,56,0.5
1369.0,58,0.5
1369.5,59,0.5
1370.0,58,0.5
1370.5,59,0.5
1371.0,57,0.5
1371.5,56,0.5
1372.0,57,0.5
1372.5,58,0.5
1373.0,56,0.5
1373.5,58,0.5
1374.0,59,0.5
1374.5,57,0.5
1375.0,58,0.5
1375.5,58,0.5
1376.0,60,0.5
1376.5,58,0.5
1377.0,57,0.5
1377.5,58,0.5
1378.0,60,0.5
1378.5,62,0.5
1379.0,60,0.5
1379.5,61,0.5
1380.0,62,0.5
1380.5,63,0.5
1381.0,62,0.5
1381.5,64,0.5
1382.0,64,0.5
1382.5,63,0.5
1383.0,64,0.5
1383.5,64,0.5
1384.0,63,0.5
1384.5,62,0.5
1385.0,61,0.5
1385.5,60,0.5
1386.0,59,0.5
1386.5,59,0.5
1387.0,60,0.5
1387.5,60,0.5
1388.0,58,0.5
1388.5,57,0.5
1389.0,59,0.5
1389.5,58,0.5
1390.0,59,0.5
1390.5,58,0.5
1391.0,60,0.5
1391.5,60,0.5
1392.0,58,0.5
1392.5,56,0.5
1393.0,57,0.5
1393.5,59,0.5
1394.0,61,0.5
1394.5,61,0.5
1395.0,61,0.5
1395.5,60,0.5
1396.0,60,0.5
1396.5,61,0.5
1397.0,62,0.5
1397.5,61,0.5
1398.0,62,0.5
1398.5,60,0.5
1399.0,60,0.5
1399.5,60,0.5
1400.0,60,0.5
1400.5,62,0.5
1401.0,60,0.5
1401.5,61,0.5
1402.0,62,0.5
1402.5,61,0.5
1403.0,60,0.5
1403.5,61,0.5
1404.0,61,0.5
1404.5,62,0.5
1405.0,61,0.5
1405.5,63,0.5
1406.0,63,0.5
1406.5,65,0.5
1407.0,67,0.5
1407.5,69,0.5
1408.0,69,0.5
1408.5,71,0.5
1409.0,70,0.5
1409.5,70,0.5
1410.0,69,0.5
1410.5,71,0.5
1411.0,72,0.5
1411.5,73,0.5
1412.0,72,0.5
1412.5,70,0.5
1413.0,72,0.5
1413.5,73,0.5
1414.0,74,0.5
1414.5,74,0.5
1415.0,75,0.5
1415.5,77,0.5
1416.0,79,0.5
1416.5,81,0.5
1417.0,81,0.5
1417.5,82,0.5
1418.0,80,0.5
1418.5,82,0.5
1419.0,81,0.5
1419.5,81,0.5
1420.0,83,0.5
1420.5,81,0.5
1421.0,79,0.5
1421.5,77,0.5
1422.0,77,0.5
1422.5,78,0.5
1423.0,78,0.5
1423.5,80,0.5
1424.0,78,0.5
1424.5,76,0.5
1425.0,78,0.5
1425.5,79,0.5
1426.0,81,0.5
1426.5,83,0.5
1427.0,82,0.5
1427.5,82,0.5
1428.0,83,0.5
1428.5,83,0.5
1429.0,84,0.5
1429.5,82,0.5
1430.0,83,0.5
1430.5,85,0.5
1431.0,85,0.5
1431.5,86,0.5
1432.0,88,0.5
1432.5,88,0.5
1433.0,89,0.5
1433.5,89,0.5
1434.0,88,0.5
1434.5,87,0.5
1435.0,88,0.5
1435.5,90,0.5
1436.0,88,0.5
1436.5,86,0.5
1437.0,84,0.5
1437.5,82,0.5
1438.0,80,0.5
1438.5,82,0.5
1439.0,84,0.5
1439.5,84,0.5
1440.0,82,0.5
1440.5,81,0.5
1441.0,82,0.5
1441.5,84,0.5
1442.0,83,0.5
1442.5,85,0.5
1443.0,85,0.5
1443.5,83,0.5
1444.0,83,0.5
1444.5,84,0.5
1445.0,86,0.5
1445.5,87,0.5
1446.0,86,0.5
1446.5,85,0.5
1447.0,86,0.5
1447.5,84,0.5
1448.0,84,0.5
1448.5,82,0.5
1449.0,83,0.5
1449.5,81,0.5
1450.0,82,0.5
1450.5,82,0.5
1451.0,82,0.5
1451.5,84,0.5
1452.0,83,0.5
1452.5,82,0.5
1453.0,80,0.5
1453.5,78,0.5
1454.0,78,0.5
1454.5,76,0.5
1455.0,78,0.5
1455.5,79,0.5
1456.0,80,0.5
1456.5,78,0.5
1457.0,76,0.5
1457.5,77,0.5
1458.0,79,0.5
1458.5,81,0.5
1459.0,79,0.5
1459.5,78,0.5
1460.0,77,0.5
1460.5,75,0.5
1461.0,73,0.5
1461.5,72,0.5
1462.0,72,0.5
1462.5,73,0.5
1463.0,71,0.5
1463.5,70,0.5
1464.0,71,0.5
1464.5,73,0.5
1465.0,73,0.5
1465.5,71,0.5
1466.0,69,0.5
1466.5,68,0.5
1467.0,66,0.5
1467.5,64,0.5
1468.0,64,0.5
1468.5,66,0.5
1469.0,67,0.5
1469.5,66,0.5
1470.0,68,0.5
1470.5,69,0.5
1471.0,70,0.5
1471.5,71,0.5
1472.0,69,0.5
1472.5,68,0.5
1473.0,67,0.5
1473.5,65,0.5
1474.0,65,0.5
1474.5,67,0.5
1475.0,69,0.5
1475.5,71,0.5
1476.0,70,0.5
1476.5,72,0.5
1477.0,71,0.5
1477.5,73,0.5
1478.0,73,0.5
1478.5,73,0.5
1479.0,71,0.5
1479.5,71,0.5
1480.0,73,0.5
1480.5,75,0.5
1481.0,73,0.5
1481.5,72,0.5
1482.0,71,0.5
1482.5,71,0.5
1483.0,70,0.5
1483.5,68,0.5
1484.0,69,0.5
1484.5,69,0.5
1485.0,69,0.5
1485.5,67,0.5
1486.0,69,0.5
1486.5,68,0.5
1487.0,66,0.5
1487.5,64,0.5
1488.0,64,0.5
1488.5,65,0.5
1489.0,65,0.5
1489.5,66,0.5
1490.0,68,0.5
1490.5,67,0.5
1491.0,69,0.5
1491.5,71,0.5
1492.0,73,0.5
1492.5,73,0.5
1493.0,75,0.5
1493.5,77,0.5
1494.0,78,0.5
1494.5,79,0.5
1495.0,81,0.5
1495.5,81,0.5
1496.0,82,0.5
1496.5,82,0.5
1497.0,81,0.5
1497.5,79,0.5
1498.0,79,0.5
1498.5,78,0.5
1499.0,79,0.5
1499.5,81,0.5
1500.0,83,0.5
1500.5,81,0.5
1501.0,83,0.5
1501.5,81,0.5
1502.0,82,0.5
1502.5,83,0.5
1503.0,85,0.5
1503.5,83,0.5
1504.0,83,0.5
1504.5,84,0.5
1505.0,83,0.5
1505.5,83,0.5
1506.0,83,0.5
1506.5,82,0.5
1507.0,84,0.5
1507.5,84,0.5
1508.0,85,0.5
1508.5,87,0.5
1509.0,87,0.5
1509.5,89,0.5
1510.0,90,0.5
1510.5,89,0.5
1511.0,88,0.5
1511.5,89,0.5
1512.0,87,0.5
1512.5,86,0.5
1513.0,84,0.5
1513.5,83,0.5
1514.0,82,0.5
1514.5,84,0.5
1515.0,83,0.5
1515.5,81,0.5
1516.0,83,0.5
1516.5,81,0.5
1517.0,80,0.5
1517.5,79,0.5
1518.0,80,0.5
1518.5,79,0.5
1519.0,80,0.5
1519.5,81,0.5
1520.0,82,0.5
1520.5,81,0.5
1521.0,81,0.5
1521.5,80,0.5
1522.0,79,0.5
1522.5,77,0.5
1523.0,75,0.5
1523.5,74,0.5
1524.0,76,0.5
1524.5,77,0.5
1525.0,79,0.5
1525.5,79,0.5
1526.0,77,0.5
1526.5,77,0.5
1527.0,76,0.5
1527.5,76,0.5
1528.0,77,0.5
1528.5,79,0.5
1529.0,81,0.5
1529.5,83,0.5
1530.0,84,0.5
1530.5,85,0.5
1531.0,85,0.5
1531.5,84,0.5
1532.0,82,0.5
1532.5,81,0.5
1533.0,80,0.5
1533.5,81,0.5
1534.0,82,0.5
1534.5,82,0.5
1535.0,81,0.5
1535.5,79,0.5
1536.0,78,0.5
1536.5,76,0.5
1537.0,77,0.5
1537.5,76,0.5
1538.0,75,0.5
1538.5,74,0.5
1539.0,74,0.5
1539.5,76,0.5
1540.0,77,0.5
1540.5,75,0.5
1541.0,76,0.5
1541.5,75,0.5
1542.0,76,0.5
1542.5,78,0.5
1543.0,79,0.5
1543.5,78,0.5
1544.0,77,0.5
1544.5,78,0.5
1545.0,79,0.5
1545.5,80,0.5
1546.0,81,0.5
1546.5,79,0.5
1547.0,80,0.5
1547.5,78,0.5
1548.0,80,0.5
1548.5,80,0.5
1549.0,79,0.5
1549.5,77,0.5
1550.0,76,0.5
1550.5,77,0.5
1551.0,78,0.5
1551.5,78,0.5
1552.0,80,0.5
1552.5,81,0.5
1553.0,80,0.5
1553.5,78,0.5
1554.0,77,0.5
1554.5,79,0.5
1555.0,79,0.5
1555.5,77,0.5
1556.0,77,0.5
1556.5,78,0.5
1557.0,80,0.5
1557.5,82,0.5
1558.0,80,0.5
1558.5,82,0.5
1559.0,82,0.5
1559.5,81,0.5
1560.0,82,0.5
1560.5,80,0.5
1561.0,79,0.5
1561.5,80,0.5
1562.0,79,0.5
1562.5,80,0.5
1563.0,81,0.5
1563.5,79,0.5
1564.0,80,0.5
1564.5,82,0.5
1565.0,80,0.5
1565.5,82,0.5
1566.0,82,0.5
1566.5,83,0.5
1567.0,85,0.5
1567.5,83,0.5
1568.0,81,0.5
1568.5,79,0.5
1569.0,79,0.5
1569.5,81,0.5
1570.0,81,0.5
1570.5,80,0.5
1571.0,78,0.5
1571.5,78,0.5
1572.0,79,0.5
1572.5,78,0.5
1573.0,77,0.5
1573.5,75,0.5
1574.0,77,0.5
1574.5,77,0.5
1575.0,76,0.5
1575.5,78,0.5
1576.0,76,0.5
1576.5,78,0.5
1577.0,80,0.5
1577.5,80,0.5
1578.0,81,0.5
1578.5,80,0.5
1579.0,81,0.5
1579.5,79,0.5
1580.0,78,0.5
1580.5,79,0.5
1581.0,78,0.5
1581.5,80,0.5
1582.0,80,0.5
1582.5,82,0.5
1583.0,81,0.5
1583.5,80,0.5
1584.0,78,0.5
1584.5,76,0.5
1585.0,77,0.5
1585.5,78,0.5
1586.0,80,0.5
1586.5,82,0.5
1587.0,82,0.5
1587.5,83,0.5
1588.0,82,0.5
1588.5,84,0.5
1589.0,83,0.5
1589.5,83,0.5
1590.0,81,0.5
1590.5,83,0.5
1591.0,85,0.5
1591.5,85,0.5
1592.0,84,0.5
1592.5,86,0.5
1593.0,85,0.5
1593.5,83,0.5
1594.0,83,0.5
1594.5,85,0.5
1595.0,83,0.5
1595.5,84,0.5
1596.0,85,0.5
1596.5,83,0.5
1597.0,81,0.5
1597.5,79,0.5
1598.0,78,0.5
1598.5,77,0.5
1599.0,75,0.5
1599.5,77,0.5
1600.0,77,0.5
1600.5,77,0.5
1601.0,79,0.5
1601.5,78,0.5
1602.0,78,0.5
1602.5,79,0.5
1603.0,81,0.5
1603.5,81,0.5
1604.0,82,0.5
1604.5,84,0.5
1605.0,83,0.5
1605.5,85,0.5
1606.0,87,0.5
1606.5,86,0.5
1607.0,86,0.5
1607.5,85,0.5
1608.0,83,0.5
1608.5,83,0.5
1609.0,83,0.5
1609.5,85,0.5
1610.0,85,0.5
1610.5,84,0.5
1611.0,86,0.5
1611.5,84,0.5
1612.0,86,0.5
1612.5,85,0.5
1613.0,85,0.5
1613.5,83,0.5
1614.0,82,0.5
1614.5,83,0.5
1615.0,81,0.5
1615.5,79,0.5
1616.0,80,0.5
1616.5,81,0.5
1617.0,83,0.5
1617.5,82,0.5
1618.0,83,0.5
1618.5,82,0.5
1619.0,84,0.5
1619.5,85,0.5
1620.0,87,0.5
1620.5,85,0.5
1621.0,85,0.5
1621.5,83,0.5
1622.0,85,0.5
1622.5,86,0.5
1623.0,84,0.5
1623.5,83,0.5
1624.0,84,0.5
1624.5,84,0.5
1625.0,82,0.5
1625.5,80,0.5
1626.0,81,0.5
1626.5,79,0.5
1627.0,77,0.5
1627.5,78,0.5
1628.0,78,0.5
1628.5,77,0.5
1629.0,76,0.5
1629.5,74,0.5
1630.0,72,0.5
1630.5,71,0.5
1631.0,73,0.5
1631.5,72,0.5
1632.0,70,0.5
1632.5,70,0.5
1633.0,72,0.5
1633.5,72,0.5
1634.0,74,0.5
1634.5,74,0.5
1635.0,73,0.5
1635.5,74,0.5
1636.0,75,0.5
1636.5,76,0.5
1637.0,75,0.5
1637.5,76,0.5
1638.0,76,0.5
1638.5,78,0.5
1639.0,76,0.5
1639.5,77,0.5
1640.0,75,0.5
1640.5,74,0.5
1641.0,74,0.5
1641.5,74,0.5
1642.0,76,0.5
1642.5,75,0.5
1643.0,73,0.5
1643.5,75,0.5
1644.0,75,0.5
1644.5,77,0.5
1645.0,77,0.5
1645.5,79,0.5
1646.0,81,0.5
1646.5,83,0.5
1647.0,85,0.5
1647.5,83,0.5
1648.0,82,0.5
1648.5,81,0.5
1649.0,83,0.5
1649.5,81,0.5
1650.0,83,0.5
1650.5,85,0.5
1651.0,86,0.5
1651.5,84,0.5
1652.0,84,0.5
1652.5,85,0.5
1653.0,85,0.5
1653.5,83,0.5
1654.0,84,0.5
1654.5,84,0.5
1655.0,82,0.5
1655.5,81,0.5
1656.0,79,0.5
1656.5,77,0.5
1657.0,76,0.5
1657.5,78,0.5
1658.0,80,0.5
1658.5,79,0.5
1659.0,80,0.5
1659.5,81,0.5
1660.0,79,0.5
1660.5,79,0.5
1661.0,81,0.5
1661.5,80,0.5
1662.0,78,0.5
1662.5,77,0.5
1663.0,78,0.5
1663.5,78,0.5
1664.0,79,0.5
1664.5,81,0.5
1665.0,82,0.5
1665.5,83,0.5
1666.0,82,0.5
1666.5,82,0.5
1667.0,83,0.5
1667.5,85,0.5
1668.0,84,0.5
1668.5,83,0.5
1669.0,83,0.5
1669.5,84,0.5
1670.0,83,0.5
1670.5,82,0.5
1671.0,82,0.5
1671.5,82,0.5
1672.0,82,0.5
1672.5,84,0.5
1673.0,84,0.5
1673.5,85,0.5
1674.0,85,0.5
1674.5,86,0.5
1675.0,86,0.5
1675.5,87,0.5
1676.0,85,0.5
1676.5,84,0.5
1677.0,84,0.5
1677.5,85,0.5
1678.0,83,0.5
1678.5,83,0.5
1679.0,83,0.5
1679.5,84,0.5
1680.0,82,0.5
1680.5,80,0.5
1681.0,82,0.5
1681.5,84,0.5
1682.0,86,0.5
1682.5,85,0.5
1683.0,83,0.5
1683.5,84,0.5
1684.0,82,0.5
1684.5,84,0.5
1685.0,85,0.5
1685.5,87,0.5
1686.0,89,0.5
1686.5,88,0.5
1687.0,87,0.5
1687.5,87,0.5
1688.0,87,0.5
1688.5,89,0.5
1689.0,90,0.5
1689.5,90,0.5
1690.0,91,0.5
1690.5,91,0.5
1691.0,93,0.5
1691.5,91,0.5
1692.0,89,0.5
1692.5,91,0.5
1693.0,90,0.5
1693.5,89,0.5
1694.0,90,0.5
1694.5,89,0.5
1695.0,87,0.5
1695.5,88,0.5
1696.0,87,0.5
1696.5,89,0.5
1697.0,91,0.5
1697.5,89,0.5
1698.0,90,0.5
1698.5,91,0.5
1699.0,92,0.5
1699.5,94,0.5
1700.0,92,0.5
1700.5,91,0.5
1701.0,92,0.5
1701.5,94,0.5
1702.0,93,0.5
1702.5,93,0.5
1703.0,92,0.5
1703.5,93,0.5
1704.0,91,0.5
1704.5,93,0.5
1705.0,93,0.5
1705.5,95,0.5
1706.0,96,0.5
1706.5,98,0.5
1707.0,96,0.5
1707.5,96,0.5
1708.0,98,0.5
1708.5,96,0.5
1709.0,96,0.5
1709.5,96,0.5
1710.0,97,0.5
1710.5,97,0.5
1711.0,97,0.5
1711.5,95,0.5
1712.0,95,0.5
1712.5,93,0.5
1713.0,94,0.5
1713.5,94,0.5
1714.0,95,0.5
1714.5,93,0.5
1715.0,94,0.5
1715.5,93,0.5
1716.0,91,0.5
1716.5,91,0.5
1717.0,93,0.5
1717.5,95,0.5
1718.0,95,0.5
1718.5,94,0.5
1719.0,94,0.5
1719.5,94,0.5
1720.0,94,0.5
1720.5,96,0.5
1721.0,96,0.5
1721.5,97,0.5
1722.0,96,0.5
1722.5,96,0.5
1723.0,97,0.5
1723.5,98,0.5
1724.0,99,0.5
1724.5,98,0.5
1725.0,98,0.5
1725.5,98,0.5
1726.0,98,0.5
1726.5,96,0.5
1727.0,96,0.5
1727.5,97,0.5
1728.0,97,0.5
1728.5,98,0.5
1729.0,98,0.5
1729.5,100,0.5
1730.0,101,0.5
1730.5,99,0.5
1731.0,99,0.5
1731.5,98,0.5
1732.0,97,0.5
1732.5,98,0.5
1733.0,97,0.5
1733.5,96,0.5
1734.0,95,0.5
1734.5,95,0.5
1735.0,94,0.5
1735.5,94,0.5
1736.0,94,0.5
1736.5,95,0.5
1737.0,95,0.5
1737.5,94,0.5
1738.0,95,0.5
1738.5,95,0.5
1739.0,93,0.5
1739.5,93,0.5
1740.0,92,0.5
1740.5,93,0.5
1741.0,93,0.5
1741.5,93,0.5
1742.0,92,0.5
1742.5,90,0.5
1743.0,88,0.5
1743.5,87,0.5
1744.0,86,0.5
1744.5,86,0.5
1745.0,88,0.5
1745.5,87,0.5
1746.0,86,0.5
1746.5,86,0.5
1747.0,86,0.5
1747.5,85,0.5
1748.0,87,0.5
1748.5,86,0.5
1749.0,84,0.5
1749.5,83,0.5
1750.0,85,0.5
1750.5,83,0.5
1751.0,85,0.5
1751.5,85,0.5
1752.0,86,0.5
1752.5,84,0.5
1753.0,83,0.5
1753.5,84,0.5
1754.0,84,0.5
1754.5,83,0.5
1755.0,82,0.5
1755.5,84,0.5
1756.0,86,0.5
1756.5,88,0.5
1757.0,89,0.5
1757.5,90,0.5
1758.0,90,0.5
1758.5,90,0.5
1759.0,88,0.5
1759.5,87,0.5
1760.0,85,0.5
1760.5,85,0.5
1761.0,85,0.5
1761.5,85,0.5
1762.0,84,0.5
1762.5,86,0.5
1763.0,88,0.5
1763.5,90,0.5
1764.0,91,0.5
1764.5,89,0.5
1765.0,89,0.5
1765.5,87,0.5
1766.0,87,0.5
1766.5,85,0.5
1767.0,84,0.5
1767.5,83,0.5
1768.0,84,0.5
1768.5,85,0.5
1769.0,87,0.5
1769.5,85,0.5
1770.0,84,0.5
1770.5,82,0.5
1771.0,80,0.5
1771.5,79,0.5
1772.0,80,0.5
1772.5,78,0.5
1773.0,77,0.5
1773.5,78,0.5
1774.0,77,0.5
1774.5,78,0.5
1775.0,79,0.5
1775.5,79,0.5
1776.0,79,0.5
1776.5,78,0.5
1777.0,78,0.5
1777.5,79,0.5
1778.0,80,0.5
1778.5,81,0.5
1779.0,81,0.5
1779.5,79,0.5
1780.0,78,0.5
1780.5,76,0.5
1781.0,74,0.5
1781.5,73,0.5
1782.0,74,0.5
1782.5,72,0.5
1783.0,70,0.5
1783.5,70,0.5
1784.0,72,0.5
1784.5,74,0.5
1785.0,76,0.5
1785.5,78,0.5
1786.0,80,0.5
1786.5,78,0.5
1787.0,76,0.5
1787.5,78,0.5
1788.0,78,0.5
1788.5,79,0.5
1789.0,81,0.5
1789.5,82,0.5
1790.0,84,0.5
1790.5,85,0.5
1791.0,84,0.5
1791.5,85,0.5
1792.0,85,0.5
1792.5,85,0.5
1793.0,86,0.5
1793.5,84,0.5
1794.0,83,0.5
1794.5,85,0.5
1795.0,83,0.5
1795.5,83,0.5
1796.0,82,0.5
1796.5,80,0.5
1797.0,80,0.5
1797.5,82,0.5
1798.0,84,0.5
1798.5,82,0.5
1799.0,82,0.5
1799.5,84,0.5
1800.0,85,0.5
1800.5,84,0.5
1801.0,85,0.5
1801.5,87,0.5
1802.0,89,0.5
1802.5,87,0.5
1803.0,85,0.5
1803.5,85,0.5
1804.0,85,0.5
1804.5,87,0.5
1805.0,89,0.5
1805.5,88,0.5
1806.0,89,0.5
1806.5,88,0.5
1807.0,88,0.5
1807.5,88,0.5
1808.0,90,0.5
1808.5,88,0.5
1809.0,88,0.5
1809.5,86,0.5
1810.0,84,0.5
1810.5,85,0.5
1811.0,87,0.5
1811.5,87,0.5
1812.0,89,0.5
1812.5,89,0.5
1813.0,91,0.5
1813.5,89,0.5
1814.0,87,0.5
1814.5,85,0.5
1815.0,84,0.5
1815.5,84,0.5
1816.0,83,0.5
1816.5,82,0.5
1817.0,80,0.5
1817.5,78,0.5
1818.0,80,0.5
1818.5,81,0.5
1819.0,83,0.5
1819.5,84,0.5
1820.0,86,0.5
1820.5,85,0.5
1821.0,86,0.5
1821.5,88,0.5
1822.0,88,0.5
1822.5,90,0.5
1823.0,89,0.5
1823.5,91,0.5
1824.0,92,0.5
1824.5,91,0.5
1825.0,93,0.5
1825.5,95,0.5
1826.0,94,0.5
1826.5,94,0.5
1827.0,96,0.5
1827.5,95,0.5
1828.0,97,0.5
1828.5,98,0.5
1829.0,100,0.5
1829.5,102,0.5
1830.0,104,0.5
1830.5,105,0.5
1831.0,106,0.5
1831.5,104,0.5
1832.0,102,0.5
1832.5,104,0.5
1833.0,103,0.5
1833.5,103,0.5
1834.0,104,0.5
1834.5,103,0.5
1835.0,102,0.5
1835.5,100,0.5
1836.0,98,0.5
1836.5,99,0.5
1837.0,101,0.5
1837.5,103,0.5
1838.0,103,0.5
1838.5,105,0.5
1839.0,106,0.5
1839.5,105,0.5
1840.0,106,0.5
1840.5,104,0.5
1841.0,104,0.5
1841.5,105,0.5
1842.0,107,0.5
1842.5,105,0.5
1843.0,105,0.5
1843.5,104,0.5
1844.0,105,0.5
1844.5,105,0.5
1845.0,105,0.5
1845.5,103,0.5
1846.0,105,0.5
1846.5,106,0.5
1847.0,105,0.5
1847.5,105,0.5
1848.0,105,0.5
1848.5,107,0.5
1849.0,107,0.5
1849.5,108,0.5
1850.0,108,0.5
1850.5,107,0.5
1851.0,108,0.5
1851.5,106,0.5
1852.0,104,0.5
1852.5,103,0.5
1853.0,103,0.5
1853.5,103,0.5
1854.0,102,0.5
1854.5,100,0.5
1855.0,101,0.5
1855.5,101,0.5
1856.0,101,0.5
1856.5,99,0.5
1857.0,97,0.5
1857.5,96,0.5
1858.0,95,0.5
1858.5,95,0.5
1859.0,97,0.5
1859.5,96,0.5
1860.0,96,0.5
1860.5,95,0.5
1861.0,96,0.5
1861.5,95,0.5
1862.0,96,0.5
1862.5,97,0.5
1863.0,98,0.5
1863.5,100,0.5
1864.0,101,0.5
1864.5,103,0.5
1865.0,104,0.5
1865.5,106,0.5
1866.0,104,0.5
1866.5,106,0.5
1867.0,108,0.5
1867.5,107,0.5
1868.0,108,0.5
1868.5,108,0.5
1869.0,106,0.5
1869.5,108,0.5
1870.0,108,0.5
1870.5,108,0.5
1871.0,108,0.5
1871.5,107,0.5
1872.0,108,0.5
1872.5,108,0.5
1873.0,108,0.5
1873.5,108,0.5
1874.0,106,0.5
1874.5,108,0.5
1875.0,106,0.5
1875.5,104,0.5
1876.0,106,0.5
1876.5,106,0.5
1877.0,107,0.5
1877.5,106,0.5
1878.0,108,0.5
1878.5,106,0.5
1879.0,106,0.5
1879.5,108,0.5
1880.0,107,0.5
1880.5,106,0.5
1881.0,105,0.5
1881.5,103,0.5
1882.0,101,0.5
1882.5,100,0.5
1883.0,99,0.5
1883.5,99,0.5
1884.0,101,0.5
1884.5,102,0.5
1885.0,102,0.5
1885.5,104,0.5
1886.0,106,0.5
1886.5,105,0.5
1887.0,103,0.5
1887.5,101,0.5
1888.0,102,0.5
1888.5,101,0.5
1889.0,99,0.5
1889.5,98,0.5
1890.0,96,0.5
1890.5,95,0.5
1891.0,93,0.5
1891.5,92,0.5
1892.0,91,0.5
1892.5,91,0.5
1893.0,89,0.5
1893.5,90,0.5
1894.0,88,0.5
1894.5,88,0.5
1895.0,86,0.5
1895.5,84,0.5
1896.0,82,0.5
1896.5,84,0.5
1897.0,85,0.5
1897.5,86,0.5
1898.0,84,0.5
1898.5,83,0.5
1899.0,85,0.5
1899.5,85,0.5
1900.0,86,0.5
1900.5,86,0.5
1901.0,88,0.5
1901.5,88,0.5
1902.0,89,0.5
1902.5,87,0.5
1903.0,89,0.5
1903.5,88,0.5
1904.0,87,0.5
1904.5,85,0.5
1905.0,85,0.5
1905.5,84,0.5
1906.0,84,0.5
1906.5,82,0.5
1907.0,81,0.5
1907.5,83,0.5
1908.0,85,0.5
1908.5,84,0.5
1909.0,84,0.5
1909.5,85,0.5
1910.0,85,0.5
1910.5,85,0.5
1911.0,87,0.5
1911.5,86,0.5
1912.0,87,0.5
1912.5,85,0.5
1913.0,83,0.5
1913.5,81,0.5
1914.0,81,0.5
1914.5,80,0.5
1915.0,79,0.5
1915.5,79,0.5
1916.0,81,0.5
1916.5,80,0.5
1917.0,78,0.5
1917.5,79,0.5
1918.0,78,0.5
1918.5,79,0.5
1919.0,79,0.5
1919.5,78,0.5
1920.0,77,0.5
1920.5,77,0.5
1921.0,75,0.5
1921.5,77,0.5
1922.0,77,0.5
1922.5,75,0.5
1923.0,76,0.5
1923.5,74,0.5
1924.0,72,0.5
1924.5,70,0.5
1925.0,68,0.5
1925.5,69,0.5
1926.0,70,0.5
1926.5,69,0.5
1927.0,71,0.5
1927.5,73,0.5
1928.0,74,0.5
1928.5,73,0.5
1929.0,73,0.5
1929.5,72,0.5
1930.0,70,0.5
1930.5,70,0.5
1931.0,68,0.5
1931.5,70,0.5
1932.0,70,0.5
1932.5,71,0.5
1933.0,69,0.5
1933.5,69,0.5
1934.0,69,0.5
1934.5,67,0.5
1935.0,66,0.5
1935.5,65,0.5
1936.0,64,0.5
1936.5,64,0.5
1937.0,62,0.5
1937.5,64,0.5
1938.0,66,0.5
1938.5,68,0.5
1939.0,70,0.5
1939.5,70,0.5
1940.0,70,0.5
1940.5,72,0.5
1941.0,72,0.5
1941.5,74,0.5
1942.0,75,0.5
1942.5,75,0.5
1943.0,77,0.5
1943.5,79,0.5
1944.0,78,0.5
1944.5,78,0.5
1945.0,77,0.5
1945.5,78,0.5
1946.0,77,0.5
1946.5,77,0.5
1947.0,79,0.5
1947.5,80,0.5
1948.0,78,0.5
1948.5,80,0.5
1949.0,79,0.5
1949.5,81,0.5
1950.0,79,0.5
1950.5,78,0.5
1951.0,76,0.5
1951.5,76,0.5
1952.0,76,0.5
1952.5,77,0.5
1953.0,76,0.5
1953.5,74,0.5
1954.0,75,0.5
1954.5,74,0.5
1955.0,76,0.5
1955.5,77,0.5
1956.0,76,0.5
1956.5,77,0.5
1957.0,76,0.5
1957.5,74,0.5
1958.0,73,0.5
1958.5,71,0.5
1959.0,71,0.5
1959.5,69,0.5
1960.0,67,0.5
1960.5,69,0.5
1961.0,68,0.5
1961.5,67,0.5
1962.0,65,0.5
1962.5,67,0.5
1963.0,68,0.5
1963.5,70,0.5
1964.0,68,0.5
1964.5,69,0.5
1965.0,67,0.5
1965.5,67,0.5
1966.0,66,0.5
1966.5,65,0.5
1967.0,65,0.5
1967.5,66,0.5
1968.0,68,0.5
1968.5,69,0.5
1969.0,68,0.5
1969.5,66,0.5
1970.0,67,0.5
1970.5,66,0.5
1971.0,66,0.5
1971.5,67,0.5
1972.0,68,0.5
1972.5,70,0.5
1973.0,69,0.5
1973.5,68,0.5
1974.0,66,0.5
1974.5,68,0.5
1975.0,70,0.5
1975.5,71,0.5
1976.0,71,0.5
1976.5,70,0.5
1977.0,68,0.5
1977.5,68,0.5
1978.0,70,0.5
1978.5,68,0.5
1979.0,68,0.5
1979.5,70,0.5
1980.0,71,0.5
1980.5,72,0.5
1981.0,71,0.5
1981.5,70,0.5
1982.0,68,0.5
1982.5,66,0.5
1983.0,68,0.5
1983.5,67,0.5
1984.0,66,0.5
1984.5,67,0.5
1985.0,66,0.5
1985.5,66,0.5
1986.0,68,0.5
1986.5,66,0.5
1987.0,66,0.5
1987.5,65,0.5
1988.0,64,0.5
1988.5,63,0.5
1989.0,63,0.5
1989.5,63,0.5
1990.0,62,0.5
1990.5,63,0.5
1991.0,61,0.5
1991.5,61,0.5
1992.0,62,0.5
1992.5,64,0.5
1993.0,66,0.5
1993.5,68,0.5
1994.0,66,0.5
1994.5,66,0.5
1995.0,66,0.5
1995.5,67,0.5
1996.0,69,0.5
1996.5,71,0.5
1997.0,70,0.5
1997.5,71,0.5
1998.0,70,0.5
1998.5,68,0.5
1999.0,66,0.5
1999.5,64,0.5
2000.0,66,0.5
2000.5,64,0.5
2001.0,65,0.5
2001.5,64,0.5
2002.0,64,0.5
2002.5,62,0.5
2003.0,60,0.5
2003.5,58,0.5
2004.0,59,0.5
2004.5,57,0.5
2005.0,55,0.5
2005.5,54,0.5
2006.0,54,0.5
2006.5,54,0.5
2007.0,52,0.5
2007.5,52,0.5
2008.0,54,0.5
2008.5,56,0.5
2009.0,58,0.5
2009.5,58,0.5
2010.0,60,0.5
2010.5,60,0.5
2011.0,58,0.5
2011.5,56,0.5
2012.0,57,0.5
2012.5,59,0.5
2013.0,60,0.5
2013.5,61,0.5
2014.0,61,0.5
2014.5,59,0.5
2015.0,57,0.5
2015.5,58,0.5
2016.0,56,0.5
2016.5,57,0.5
2017.0,55,0.5
2017.5,53,0.5
2018.0,55,0.5
2018.5,54,0.5
2019.0,55,0.5
2019.5,56,0.5
2020.0,55,0.5
2020.5,53,0.5
2021.0,52,0.5
2021.5,54,0.5
2022.0,52,0.5
2022.5,51,0.5
2023.0,50,0.5
2023.5,50,0.5
2024.0,48,0.5
2024.5,46,0.5
2025.0,47,0.5
2025.5,49,0.5
2026.0,51,0.5
2026.5,49,0.5
2027.0,51,0.5
2027.5,51,0.5
2028.0,53,0.5
2028.5,51,0.5
2029.0,50,0.5
2029.5,51,0.5
2030.0,50,0.5
2030.5,50,0.5
2031.0,52,0.5
2031.5,50,0.5
2032.0,52,0.5
2032.5,51,0.5
2033.0,51,0.5
2033.5,53,0.5
2034.0,51,0.5
2034.5,53,0.5
2035.0,55,0.5
2035.5,53,0.5
2036.0,55,0.5
2036.5,53,0.5
2037.0,51,0.5
2037.5,51,0.5
2038.0,50,0.5
2038.5,50,0.5
2039.0,49,0.5
2039.5,50,0.5
2040.0,48,0.5
2040.5,46,0.5
2041.0,47,0.5
2041.5,49,0.5
2042.0,48,0.5
2042.5,49,0.5
2043.0,48,0.5
2043.5,46,0.5
2044.0,47,0.5
2044.5,47,0.5
2045.0,48,0.5
2045.5,50,0.5
2046.0,52,0.5
2046.5,53,0.5
2047.0,53,0.5
2047.5,51,0.5
2048.0,52,0.5
2048.5,53,0.5
2049.0,52,0.5
2049.5,53,0.5
2050.0,53,0.5
2050.5,51,0.5
2051.0,53,0.5
2051.5,52,0.5
2052.0,50,0.5
2052.5,51,0.5
2053.0,53,0.5
2053.5,53,0.5
2054.0,55,0.5
2054.5,54,0.5
2055.0,56,0.5
2055.5,58,0.5
2056.0,57,0.5
2056.5,58,0.5
2057.0,57,0.5
2057.5,55,0.5
2058.0,56,0.5
2058.5,55,0.5
2059.0,56,0.5
2059.5,55,0.5
2060.0,53,0.5
2060.5,52,0.5
2061.0,53,0.5
2061.5,54,0.5
2062.0,53,0.5
2062.5,51,0.5
2063.0,53,0.5
2063.5,54,0.5
2064.0,54,0.5
2064.5,55,0.5
2065.0,56,0.5
2065.5,56,0.5
2066.0,55,0.5
2066.5,54,0.5
2067.0,52,0.5
2067.5,53,0.5
2068.0,52,0.5
2068.5,51,0.5
2069.0,49,0.5
2069.5,48,0.5
2070.0,46,0.5
2070.5,48,0.5
2071.0,47,0.5
2071.5,45,0.5
2072.0,47,0.5
2072.5,47,0.5
2073.0,49,0.5
2073.5,47,0.5
2074.0,49,0.5
2074.5,48,0.5
2075.0,50,0.5
2075.5,49,0.5
2076.0,48,0.5
2076.5,49,0.5
2077.0,50,0.5
2077.5,52,0.5
2078.0,50,0.5
2078.5,48,0.5
2079.0,48,0.5
2079.5,49,0.5
2080.0,47,0.5
2080.5,47,0.5
2081.0,45,0.5
2081.5,43,0.5
2082.0,43,0.5
2082.5,43,0.5
2083.0,41,0.5
2083.5,39,0.5
2084.0,40,0.5
2084.5,39,0.5
2085.0,41,0.5
2085.5,39,0.5
2086.0,37,0.5
2086.5,39,0.5
2087.0,37,0.5
2087.5,36,0.5
2088.0,37,0.5
2088.5,35,0.5
2089.0,35,0.5
2089.5,37,0.5
2090.0,36,0.5
2090.5,34,0.5
2091.0,32,0.5
2091.5,33,0.5
2092.0,34,0.5
2092.5,36,0.5
2093.0,35,0.5
2093.5,34,0.5
2094.0,36,0.5
2094.5,37,0.5
2095.0,37,0.5
2095.5,35,0.5
2096.0,33,0.5
2096.5,31,0.5
2097.0,33,0.5
2097.5,34,0.5
2098.0,34,0.5
2098.5,32,0.5
2099.0,31,0.5
2099.5,29,0.5
2100.0,28,0.5
2100.5,29,0.5
2101.0,28,0.5
2101.5,28,0.5
2102.0,30,0.5
2102.5,32,0.5
2103.0,33,0.5
2103.5,33,0.5
2104.0,33,0.5
2104.5,34,0.5
2105.0,32,0.5
2105.5,30,0.5
2106.0,31,0.5
2106.5,30,0.5
2107.0,32,0.5
2107.5,30,0.5
2108.0,28,0.5
2108.5,28,0.5
2109.0,29,0.5
2109.5,27,0.5
2110.0,29,0.5
2110.5,31,0.5
2111.0,33,0.5
2111.5,31,0.5
2112.0,29,0.5
2112.5,31,0.5
2113.0,32,0.5
2113.5,32,0.5
2114.0,34,0.5
2114.5,36,0.5
2115.0,37,0.5
2115.5,36,0.5
2116.0,35,0.5
2116.5,35,0.5
2117.0,36,0.5
2117.5,38,0.5
2118.0,40,0.5
2118.5,41,0.5
2119.0,39,0.5
2119.5,40,0.5
2120.0,40,0.5
2120.5,39,0.5
2121.0,37,0.5
2121.5,38,0.5
2122.0,36,0.5
2122.5,38,0.5
2123.0,37,0.5
2123.5,38,0.5
2124.0,37,0.5
2124.5,38,0.5
2125.0,40,0.5
2125.5,38,0.5
2126.0,36,0.5
2126.5,37,0.5
2127.0,35,0.5
2127.5,35,0.5
2128.0,34,0.5
2128.5,32,0.5
2129.0,30,0.5
2129.5,29,0.5
2130.0,29,0.5
2130.5,27,0.5
2131.0,28,0.5
2131.5,30,0.5
2132.0,30,0.5
2132.5,30,0.5
2133.0,28,0.5
2133.5,28,0.5
2134.0,30,0.5
2134.5,30,0.5
2135.0,32,0.5
2135.5,30,0.5
2136.0,31,0.5
2136.5,30,0.5
2137.0,32,0.5
2137.5,34,0.5
2138.0,35,0.5
2138.5,34,0.5
2139.0,35,0.5
2139.5,36,0.5
2140.0,35,0.5
2140.5,33,0.5
2141.0,31,0.5
2141.5,33,0.5
2142.0,35,0.5
2142.5,33,0.5
2143.0,33,0.5
2143.5,31,0.5
2144.0,30,0.5
2144.5,31,0.5
2145.0,30,0.5
2145.5,32,0.5
2146.0,31,0.5
2146.5,33,0.5
2147.0,34,0.5
2147.5,36,0.5
2148.0,37,0.5
2148.5,39,0.5
2149.0,41,0.5
2149.5,43,0.5
2150.0,44,0.5
2150.5,45,0.5
2151.0,46,0.5
2151.5,44,0.5
2152.0,45,0.5
2152.5,45,0.5
2153.0,46,0.5
2153.5,44,0.5
2154.0,43,0.5
2154.5,45,0.5
2155.0,47,0.5
2155.5,47,0.5
2156.0,49,0.5
2156.5,49,0.5
2157.0,49,0.5
2157.5,51,0.5
2158.0,52,0.5
2158.5,54,0.5
2159.0,52,0.5
2159.5,50,0.5
2160.0,52,0.5
2160.5,50,0.5
2161.0,48,0.5
2161.5,48,0.5
2162.0,48,0.5
2162.5,50,0.5
2163.0,51,0.5
2163.5,49,0.5
2164.0,51,0.5
2164.5,51,0.5
2165.0,50,0.5
2165.5,49,0.5
2166.0,51,0.5
2166.5,52,0.5
2167.0,54,0.5
2167.5,54,0.5
2168.0,52,0.5
2168.5,52,0.5
2169.0,50,0.5
2169.5,52,0.5
2170.0,53,0.5
2170.5,52,0.5
2171.0,52,0.5
2171.5,50,0.5
2172.0,51,0.5
2172.5,50,0.5
2173.0,48,0.5
2173.5,48,0.5
2174.0,49,0.5
2174.5,47,0.5
2175.0,46,0.5
2175.5,45,0.5
2176.0,44,0.5
2176.5,46,0.5
2177.0,44,0.5
2177.5,46,0.5
2178.0,48,0.5
2178.5,50,0.5
2179.0,49,0.5
2179.5,48,0.5
2180.0,47,0.5
2180.5,46,0.5
2181.0,48,0.5
2181.5,47,0.5
2182.0,46,0.5
2182.5,48,0.5
2183.0,49,0.5
2183.5,47,0.5
2184.0,48,0.5
2184.5,49,0.5
2185.0,50,0.5
2185.5,48,0.5
2186.0,49,0.5
2186.5,49,0.5
2187.0,48,0.5
2187.5,49,0.5
2188.0,48,0.5
2188.5,49,0.5
2189.0,50,0.5
2189.5,49,0.5
2190.0,47,0.5
2190.5,46,0.5
2191.0,48,0.5
2191.5,48,0.5
2192.0,47,0.5
2192.5,49,0.5
2193.0,47,0.5
2193.5,47,0.5
2194.0,47,0.5
2194.5,49,0.5
2195.0,48,0.5
2195.5,50,0.5
2196.0,51,0.5
2196.5,49,0.5
2197.0,51,0.5
2197.5,49,0.5
2198.0,51,0.5
2198.5,49,0.5
2199.0,48,0.5
2199.5,48,0.5
2200.0,47,0.5
2200.5,45,0.5
2201.0,44,0.5
2201.5,45,0.5
2202.0,45,0.5
2202.5,46,0.5
2203.0,45,0.5
2203.5,44,0.5
2204.0,44,0.5
2204.5,45,0.5
2205.0,47,0.5
2205.5,49,0.5
2206.0,51,0.5
2206.5,53,0.5
2207.0,52,0.5
2207.5,51,0.5
2208.0,53,0.5
2208.5,55,0.5
2209.0,54,0.5
2209.5,54,0.5
2210.0,56,0.5
2210.5,55,0.5
2211.0,54,0.5
2211.5,55,0.5
2212.0,53,0.5
2212.5,52,0.5
2213.0,52,0.5
2213.5,50,0.5
2214.0,50,0.5
2214.5,48,0.5
2215.0,47,0.5
2215.5,45,0.5
2216.0,43,0.5
2216.5,42,0.5
2217.0,40,0.5
2217.5,41,0.5
2218.0,40,0.5
2218.5,39,0.5
2219.0,38,0.5
2219.5,37,0.5
2220.0,37,0.5
2220.5,35,0.5
2221.0,37,0.5
2221.5,39,0.5
2222.0,41,0.5
2222.5,39,0.5
2223.0,41,0.5
2223.5,39,0.5
2224.0,41,0.5
2224.5,42,0.5
2225.0,42,0.5
2225.5,41,0.5
2226.0,41,0.5
2226.5,43,0.5
2227.0,42,0.5
2227.5,44,0.5
2228.0,43,0.5
2228.5,41,0.5
2229.0,42,0.5
2229.5,41,0.5
2230.0,39,0.5
2230.5,37,0.5
2231.0,35,0.5
2231.5,33,0.5
2232.0,33,0.5
2232.5,34,0.5
2233.0,36,0.5
2233.5,37,0.5
2234.0,37,0.5
2234.5,38,0.5
2235.0,36,0.5
2235.5,38,0.5
2236.0,37,0.5
2236.5,36,0.5
2237.0,36,0.5
2237.5,37,0.5
2238.0,37,0.5
2238.5,39,0.5
2239.0,37,0.5
2239.5,35,0.5
2240.0,35,0.5
2240.5,35,0.5
2241.0,35,0.5
2241.5,34,0.5
2242.0,35,0.5
2242.5,36,0.5
2243.0,35,0.5
2243.5,35,0.5
2244.0,35,0.5
2244.5,35,0.5
2245.0,33,0.5
2245.5,33,0.5
2246.0,35,0.5
2246.5,37,0.5
2247.0,39,0.5
2247.5,39,0.5
2248.0,41,0.5
2248.5,40,0.5
2249.0,42,0.5
2249.5,42,0.5
2250.0,43,0.5
2250.5,42,0.5
2251.0,44,0.5
2251.5,43,0.5
2252.0,43,0.5
2252.5,42,0.5
2253.0,44,0.5
2253.5,46,0.5
2254.0,47,0.5
2254.5,49,0.5
2255.0,48,0.5
2255.5,50,0.5
2256.0,52,0.5
2256.5,53,0.5
2257.0,53,0.5
2257.5,52,0.5
2258.0,52,0.5
2258.5,50,0.5
2259.0,51,0.5
2259.5,52,0.5
2260.0,51,0.5
2260.5,52,0.5
2261.0,53,0.5
2261.5,55,0.5
2262.0,56,0.5
2262.5,58,0.5
2263.0,60,0.5
2263.5,59,0.5
2264.0,60,0.5
2264.5,60,0.5
2265.0,61,0.5
2265.5,63,0.5
2266.0,61,0.5
2266.5,61,0.5
2267.0,60,0.5
2267.5,58,0.5
2268.0,59,0.5
2268.5,59,0.5
2269.0,59,0.5
2269.5,60,0.5
2270.0,60,0.5
2270.5,58,0.5
2271.0,60,0.5
2271.5,59,0.5
2272.0,61,0.5
2272.5,59,0.5
2273.0,58,0.5
2273.5,56,0.5
2274.0,58,0.5
2274.5,59,0.5
2275.0,61,0.5
2275.5,60,0.5
2276.0,62,0.5
2276.5,63,0.5
2277.0,64,0.5
2277.5,63,0.5
2278.0,65,0.5
2278.5,65,0.5
2279.0,63,0.5
2279.5,63,0.5
2280.0,64,0.5
2280.5,62,0.5
2281.0,61,0.5
2281.5,59,0.5
2282.0,57,0.5
2282.5,57,0.5
2283.0,55,0.5
2283.5,55,0.5
2284.0,57,0.5
2284.5,59,0.5
2285.0,59,0.5
2285.5,57,0.5
2286.0,56,0.5
2286.5,58,0.5
2287.0,59,0.5
2287.5,58,0.5
2288.0,60,0.5
2288.5,58,0.5
2289.0,59,0.5
2289.5,60,0.5
2290.0,58,0.5
2290.5,59,0.5
2291.0,59,0.5
2291.5,59,0.5
2292.0,59,0.5
2292.5,60,0.5
2293.0,59,0.5
2293.5,61,0.5
2294.0,60,0.5
2294.5,58,0.5
2295.0,56,0.5
2295.5,57,0.5
2296.0,58,0.5
2296.5,56,0.5
2297.0,56,0.5
2297.5,56,0.5
2298.0,55,0.5
2298.5,55,0.5
2299.0,53,0.5
2299.5,54,0.5
2300.0,53,0.5
2300.5,54,0.5
2301.0,52,0.5
2301.5,54,0.5
2302.0,52,0.5
2302.5,50,0.5
2303.0,51,0.5
2303.5,49,0.5
2304.0,47,0.5
2304.5,48,0.5
2305.0,49,0.5
2305.5,47,0.5
2306.0,49,0.5
2306.5,48,0.5
2307.0,46,0.5
2307.5,47,0.5
2308.0,45,0.5
2308.5,43,0.5
2309.0,43,0.5
2309.5,42,0.5
2310.0,40,0.5
2310.5,40,0.5
2311.0,38,0.5
2311.5,37,0.5
2312.0,35,0.5
2312.5,36,0.5
2313.0,37,0.5
2313.5,39,0.5
2314.0,41,0.5
2314.5,42,0.5
2315.0,42,0.5
2315.5,40,0.5
2316.0,41,0.5
2316.5,40,0.5
2317.0,39,0.5
2317.5,40,0.5
2318.0,39,0.5
2318.5,39,0.5
2319.0,40,0.5
2319.5,39,0.5
2320.0,37,0.5
2320.5,39,0.5
2321.0,41,0.5
2321.5,42,0.5
2322.0,42,0.5
2322.5,42,0.5
2323.0,43,0.5
2323.5,41,0.5
2324.0,42,0.5
2324.5,40,0.5
2325.0,41,0.5
2325.5,43,0.5
2326.0,45,0.5
2326.5,46,0.5
2327.0,46,0.5
2327.5,48,0.5
2328.0,49,0.5
2328.5,48,0.5
2329.0,47,0.5
2329.5,48,0.5
2330.0,50,0.5
2330.5,50,0.5
2331.0,50,0.5
2331.5,49,0.5
2332.0,49,0.5
2332.5,47,0.5
2333.0,47,0.5
2333.5,45,0.5
2334.0,45,0.5
2334.5,46,0.5
2335.0,47,0.5
2335.5,46,0.5
2336.0,48,0.5
2336.5,47,0.5
2337.0,47,0.5
2337.5,48,0.5
2338.0,49,0.5
2338.5,50,0.5
2339.0,50,0.5
2339.5,52,0.5
2340.0,54,0.5
2340.5,55,0.5
2341.0,57,0.5
2341.5,57,0.5
2342.0,59,0.5
2342.5,61,0.5
2343.0,60,0.5
2343.5,59,0.5
2344.0,59,0.5
2344.5,60,0.5
2345.0,60,0.5
2345.5,61,0.5
2346.0,62,0.5
2346.5,63,0.5
2347.0,65,0.5
2347.5,65,0.5
2348.0,63,0.5
2348.5,62,0.5
2349.0,64,0.5
2349.5,66,0.5
2350.0,66,0.5
2350.5,65,0.5
2351.0,67,0.5
2351.5,65,0.5
2352.0,64,0.5
2352.5,65,0.5
2353.0,63,0.5
2353.5,64,0.5
2354.0,65,0.5
2354.5,65,0.5
2355.0,66,0.5
2355.5,68,0.5
2356.0,68,0.5
2356.5,70,0.5
2357.0,71,0.5
2357.5,73,0.5
2358.0,74,0.5
2358.5,75,0.5
2359.0,75,0.5
2359.5,74,0.5
2360.0,72,0.5
2360.5,71,0.5
2361.0,71,0.5
2361.5,69,0.5
2362.0,69,0.5
2362.5,70,0.5
2363.0,71,0.5
2363.5,72,0.5
2364.0,72,0.5
2364.5,71,0.5
2365.0,70,0.5
2365.5,69,0.5
2366.0,68,0.5
2366.5,67,0.5
2367.0,67,0.5
2367.5,66,0.5
2368.0,65,0.5
2368.5,66,0.5
2369.0,68,0.5
2369.5,70,0.5
2370.0,71,0.5
2370.5,69,0.5
2371.0,67,0.5
2371.5,65,0.5
2372.0,63,0.5
2372.5,65,0.5
2373.0,65,0.5
2373.5,66,0.5
2374.0,65,0.5
2374.5,65,0.5
2375.0,65,0.5
2375.5,65,0.5
2376.0,66,0.5
2376.5,66,0.5
2377.0,65,0.5
2377.5,66,0.5
2378.0,65,0.5
2378.5,67,0.5
2379.0,67,0.5
2379.5,66,0.5
2380.0,67,0.5
2380.5,68,0.5
2381.0,70,0.5
2381.5,72,0.5
2382.0,70,0.5
2382.5,72,0.5
2383.0,73,0.5
2383.5,75,0.5
2384.0,73,0.5
2384.5,74,0.5
2385.0,76,0.5
2385.5,78,0.5
2386.0,78,0.5
2386.5,80,0.5
2387.0,82,0.5
2387.5,84,0.5
2388.0,85,0.5
2388.5,83,0.5
2389.0,83,0.5
2389.5,84,0.5
2390.0,83,0.5
2390.5,83,0.5
2391.0,83,0.5
2391.5,85,0.5
2392.0,86,0.5
2392.5,87,0.5
2393.0,86,0.5
2393.5,88,0.5
2394.0,86,0.5
2394.5,85,0.5
2395.0,84,0.5
2395.5,83,0.5
2396.0,81,0.5
2396.5,82,0.5
2397.0,82,0.5
2397.5,81,0.5
2398.0,82,0.5
2398.5,81,0.5
2399.0,83,0.5
2399.5,81,0.5
2400.0,79,0.5
2400.5,81,0.5
2401.0,79,0.5
2401.5,78,0.5
2402.0,78,0.5
2402.5,77,0.5
2403.0,75,0.5
2403.5,74,0.5
2404.0,74,0.5
2404.5,72,0.5
2405.0,74,0.5
2405.5,72,0.5
2406.0,73,0.5
2406.5,72,0.5
2407.0,70,0.5
2407.5,70,0.5
2408.0,68,0.5
2408.5,66,0.5
2409.0,64,0.5
2409.5,65,0.5
2410.0,67,0.5
2410.5,67,0.5
2411.0,68,0.5
2411.5,70,0.5
2412.0,71,0.5
2412.5,73,0.5
2413.0,71,0.5
2413.5,70,0.5
2414.0,69,0.5
2414.5,67,0.5
2415.0,67,0.5
2415.5,67,0.5
2416.0,66,0.5
2416.5,65,0.5
2417.0,67,0.5
2417.5,66,0.5
2418.0,64,0.5
2418.5,65,0.5
2419.0,63,0.5
2419.5,65,0.5
2420.0,63,0.5
2420.5,64,0.5
2421.0,62,0.5
2421.5,61,0.5
2422.0,60,0.5
2422.5,58,0.5
2423.0,58,0.5
2423.5,59,0.5
2424.0,61,0.5
2424.5,63,0.5
2425.0,65,0.5
2425.5,66,0.5
2426.0,67,0.5
2426.5,66,0.5
2427.0,64,0.5
2427.5,63,0.5
2428.0,63,0.5
2428.5,65,0.5
2429.0,65,0.5
2429.5,64,0.5
2430.0,66,0.5
2430.5,68,0.5
2431.0,68,0.5
2431.5,66,0.5
2432.0,68,0.5
2432.5,67,0.5
2433.0,69,0.5
2433.5,67,0.5
2434.0,67,0.5
2434.5,65,0.5
2435.0,65,0.5
2435.5,67,0.5
2436.0,67,0.5
2436.5,66,0.5
2437.0,65,0.5
2437.5,67,0.5
2438.0,68,0.5
2438.5,68,0.5
2439.0,68,0.5
2439.5,66,0.5
2440.0,64,0.5
2440.5,64,0.5
2441.0,63,0.5
2441.5,61,0.5
2442.0,59,0.5
2442.5,58,0.5
2443.0,56,0.5
2443.5,54,0.5
2444.0,55,0.5
2444.5,54,0.5
2445.0,53,0.5
2445.5,52,0.5
2446.0,51,0.5
2446.5,49,0.5
2447.0,47,0.5
2447.5,46,0.5
2448.0,47,0.5
2448.5,48,0.5
2449.0,48,0.5
2449.5,48,0.5
2450.0,50,0.5
2450.5,49,0.5
2451.0,48,0.5
2451.5,47,0.5
2452.0,47,0.5
2452.5,47,0.5
2453.0,46,0.5
2453.5,47,0.5
2454.0,48,0.5
2454.5,49,0.5
2455.0,51,0.5
2455.5,51,0.5
2456.0,52,0.5
2456.5,54,0.5
2457.0,56,0.5
2457.5,58,0.5
2458.0,58,0.5
2458.5,58,0.5
2459.0,56,0.5
2459.5,55,0.5
2460.0,54,0.5
2460.5,55,0.5
2461.0,57,0.5
2461.5,56,0.5
2462.0,54,0.5
2462.5,53,0.5
2463.0,54,0.5
2463.5,52,0.5
2464.0,52,0.5
2464.5,52,0.5
2465.0,51,0.5
2465.5,49,0.5
2466.0,47,0.5
2466.5,48,0.5
2467.0,48,0.5
2467.5,46,0.5
2468.0,44,0.5
2468.5,44,0.5
2469.0,45,0.5
2469.5,43,0.5
2470.0,45,0.5
2470.5,45,0.5
2471.0,47,0.5
2471.5,46,0.5
2472.0,44,0.5
2472.5,44,0.5
2473.0,44,0.5
2473.5,42,0.5
2474.0,42,0.5
2474.5,43,0.5
2475.0,44,0.5
2475.5,43,0.5
2476.0,44,0.5
2476.5,44,0.5
2477.0,42,0.5
2477.5,41,0.5
2478.0,41,0.5
2478.5,39,0.5
2479.0,39,0.5
2479.5,37,0.5
2480.0,39,0.5
2480.5,41,0.5
2481.0,41,0.5
2481.5,40,0.5
2482.0,41,0.5
2482.5,42,0.5
2483.0,43,0.5
2483.5,44,0.5
2484.0,42,0.5
2484.5,43,0.5
2485.0,45,0.5
2485.5,46,0.5
2486.0,48,0.5
2486.5,50,0.5
2487.0,49,0.5
2487.5,50,0.5
2488.0,50,0.5
2488.5,51,0.5
2489.0,50,0.5
2489.5,48,0.5
2490.0,48,0.5
2490.5,50,0.5
2491.0,49,0.5
2491.5,50,0.5
2492.0,50,0.5
2492.5,52,0.5
2493.0,50,0.5
2493.5,52,0.5
2494.0,53,0.5
2494.5,54,0.5
2495.0,54,0.5
2495.5,55,0.5
2496.0,54,0.5
2496.5,54,0.5
2497.0,56,0.5
2497.5,56,0.5
2498.0,58,0.5
2498.5,58,0.5
2499.0,57,0.5
2499.5,57,0.5
2500.0,56,0.5
2500.5,55,0.5
2501.0,56,0.5
2501.5,54,0.5
2502.0,55,0.5
2502.5,53,0.5
2503.0,55,0.5
2503.5,56,0.5
2504.0,56,0.5
2504.5,55,0.5
2505.0,56,0.5
2505.5,56,0.5
2506.0,56,0.5
2506.5,54,0.5
2507.0,53,0.5
2507.5,51,0.5
2508.0,49,0.5
2508.5,51,0.5
2509.0,53,0.5
2509.5,52,0.5
2510.0,52,0.5
2510.5,53,0.5
2511.0,54,0.5
2511.5,53,0.5
2512.0,53,0.5
2512.5,54,0.5
2513.0,53,0.5
2513.5,53,0.5
2514.0,52,0.5
2514.5,50,0.5
2515.0,51,0.5
2515.5,53,0.5
2516.0,52,0.5
2516.5,52,0.5
2517.0,52,0.5
2517.5,50,0.5
2518.0,48,0.5
2518.5,50,0.5
2519.0,49,0.5
2519.5,47,0.5
2520.0,48,0.5
2520.5,46,0.5
2521.0,46,0.5
2521.5,46,0.5
2522.0,44,0.5
2522.5,43,0.5
2523.0,43,0.5
2523.5,41,0.5
2524.0,40,0.5
2524.5,38,0.5
2525.0,40,0.5
2525.5,41,0.5
2526.0,41,0.5
2526.5,40,0.5
2527.0,41,0.5
2527.5,43,0.5
2528.0,44,0.5
2528.5,42,0.5
2529.0,42,0.5
2529.5,41,0.5
2530.0,43,0.5
2530.5,41,0.5
2531.0,43,0.5
2531.5,45,0.5
2532.0,44,0.5
2532.5,45,0.5
2533.0,46,0.5
2533.5,46,0.5
2534.0,45,0.5
2534.5,46,0.5
2535.0,44,0.5
2535.5,45,0.5
2536.0,47,0.5
2536.5,48,0.5
2537.0,49,0.5
2537.5,48,0.5
2538.0,46,0.5
2538.5,48,0.5
2539.0,46,0.5
2539.5,46,0.5
2540.0,47,0.5
2540.5,45,0.5
2541.0,46,0.5
2541.5,47,0.5
2542.0,47,0.5
2542.5,47,0.5
2543.0,47,0.5
2543.5,48,0.5
2544.0,48,0.5
2544.5,46,0.5
2545.0,48,0.5
2545.5,49,0.5
2546.0,50,0.5
2546.5,50,0.5
2547.0,48,0.5
2547.5,47,0.5
2548.0,45,0.5
2548.5,47,0.5
2549.0,46,0.5
2549.5,44,0.5
2550.0,42,0.5
2550.5,44,0.5
2551.0,44,0.5
2551.5,43,0.5
2552.0,42,0.5
2552.5,43,0.5
2553.0,42,0.5
2553.5,40,0.5
2554.0,40,0.5
2554.5,38,0.5
2555.0,39,0.5
2555.5,38,0.5
2556.0,40,0.5
2556.5,38,0.5
2557.0,38,0.5
2557.5,38,0.5
2558.0,39,0.5
2558.5,39,0.5
2559.0,40,0.5
2559.5,38,0.5
2560.0,40,0.5
2560.5,42,0.5
2561.0,44,0.5
2561.5,43,0.5
2562.0,45,0.5
2562.5,47,0.5
2563.0,49,0.5
2563.5,50,0.5
2564.0,52,0.5
2564.5,53,0.5
2565.0,54,0.5
2565.5,54,0.5
2566.0,54,0.5
2566.5,55,0.5
2567.0,57,0.5
2567.5,58,0.5
2568.0,57,0.5
2568.5,57,0.5
2569.0,55,0.5
2569.5,53,0.5
2570.0,53,0.5
2570.5,51,0.5
2571.0,49,0.5
2571.5,49,0.5
2572.0,50,0.5
2572.5,49,0.5
2573.0,48,0.5
2573.5,50,0.5
2574.0,50,0.5
2574.5,50,0.5
2575.0,52,0.5
2575.5,50,0.5
2576.0,49,0.5
2576.5,50,0.5
2577.0,48,0.5
2577.5,50,0.5
2578.0,48,0.5
2578.5,48,0.5
2579.0,47,0.5
2579.5,45,0.5
2580.0,45,0.5
2580.5,45,0.5
2581.0,46,0.5
2581.5,48,0.5
2582.0,49,0.5
2582.5,48,0.5
2583.0,49,0.5
2583.5,47,0.5
2584.0,45,0.5
2584.5,43,0.5
2585.0,42,0.5
2585.5,40,0.5
2586.0,40,0.5
2586.5,39,0.5
2587.0,37,0.5
2587.5,38,0.5
2588.0,38,0.5
2588.5,38,0.5
2589.0,36,0.5
2589.5,35,0.5
2590.0,36,0.5
2590.5,37,0.5
2591.0,36,0.5
2591.5,34,0.5
2592.0,34,0.5
2592.5,35,0.5
2593.0,35,0.5
2593.5,34,0.5
2594.0,35,0.5
2594.5,36,0.5
2595.0,36,0.5
2595.5,36,0.5
2596.0,38,0.5
2596.5,37,0.5
2597.0,37,0.5
2597.5,37,0.5
2598.0,35,0.5
2598.5,35,0.5
2599.0,33,0.5
2599.5,31,0.5
2600.0,29,0.5
2600.5,29,0.5
2601.0,28,0.5
2601.5,27,0.5
2602.0,28,0.5
2602.5,26,0.5
2603.0,26,0.5
2603.5,28,0.5
2604.0,30,0.5
2604.5,28,0.5
2605.0,30,0.5
2605.5,29,0.5
2606.0,27,0.5
2606.5,25,0.5
2607.0,25,0.5
2607.5,25,0.5
2608.0,23,0.5
2608.5,22,0.5
2609.0,23,0.5
2609.5,24,0.5
2610.0,25,0.5
2610.5,24,0.5
2611.0,22,0.5
2611.5,21,0.5
2612.0,21,0.5
2612.5,21,0.5
2613.0,21,0.5
2613.5,21,0.5
2614.0,22,0.5
2614.5,23,0.5
2615.0,23,0.5
2615.5,25,0.5
2616.0,26,0.5
2616.5,25,0.5
2617.0,26,0.5
2617.5,26,0.5
2618.0,24,0.5
2618.5,24,0.5
2619.0,23,0.5
2619.5,22,0.5
2620.0,24,0.5
2620.5,23,0.5
2621.0,25,0.5
2621.5,23,0.5
2622.0,25,0.5
2622.5,27,0.5
2623.0,27,0.5
2623.5,28,0.5
2624.0,27,0.5
2624.5,26,0.5
2625.0,26,0.5
2625.5,25,0.5
2626.0,23,0.5
2626.5,21,0.5
2627.0,22,0.5
2627.5,22,0.5
2628.0,21,0.5
2628.5,21,0.5
2629.0,21,0.5
2629.5,22,0.5
2630.0,22,0.5
2630.5,22,0.5
2631.0,23,0.5
2631.5,22,0.5
2632.0,21,0.5
2632.5,22,0.5
2633.0,22,0.5
2633.5,23,0.5
2634.0,25,0.5
2634.5,23,0.5
2635.0,23,0.5
2635.5,25,0.5
2636.0,24,0.5
2636.5,25,0.5
2637.0,26,0.5
2637.5,25,0.5
2638.0,27,0.5
2638.5,25,0.5
2639.0,23,0.5
2639.5,25,0.5
2640.0,23,0.5
2640.5,23,0.5
2641.0,22,0.5
2641.5,24,0.5
2642.0,26,0.5
2642.5,24,0.5
2643.0,24,0.5
2643.5,25,0.5
2644.0,24,0.5
2644.5,23,0.5
2645.0,24,0.5
2645.5,23,0.5
2646.0,23,0.5
2646.5,24,0.5
2647.0,25,0.5
2647.5,23,0.5
2648.0,24,0.5
2648.5,24,0.5
2649.0,26,0.5
2649.5,25,0.5
2650.0,24,0.5
2650.5,25,0.5
2651.0,23,0.5
2651.5,23,0.5
2652.0,23,0.5
2652.5,24,0.5
2653.0,23,0.5
2653.5,25,0.5
2654.0,23,0.5
2654.5,21,0.5
2655.0,23,0.5
2655.5,24,0.5
2656.0,22,0.5
2656.5,24,0.5
2657.0,23,0.5
2657.5,22,0.5
2658.0,24,0.5
2658.5,26,0.5
2659.0,28,0.5
2659.5,26,0.5
2660.0,26,0.5
2660.5,28,0.5
2661.0,28,0.5
2661.5,30,0.5
2662.0,30,0.5
2662.5,30,0.5
2663.0,31,0.5
2663.5,31,0.5
2664.0,32,0.5
2664.5,33,0.5
2665.0,34,0.5
2665.5,33,0.5
2666.0,35,0.5
2666.5,37,0.5
2667.0,37,0.5
2667.5,39,0.5
2668.0,38,0.5
2668.5,39,0.5
2669.0,39,0.5
2669.5,38,0.5
2670.0,40,0.5
2670.5,42,0.5
2671.0,40,0.5
2671.5,42,0.5
2672.0,40,0.5
2672.5,42,0.5
2673.0,44,0.5
2673.5,44,0.5
2674.0,44,0.5
2674.5,42,0.5
2675.0,43,0.5
2675.5,45,0.5
2676.0,47,0.5
2676.5,49,0.5
2677.0,49,0.5
2677.5,50,0.5
2678.0,51,0.5
2678.5,50,0.5
2679.0,48,0.5
2679.5,50,0.5
2680.0,51,0.5
2680.5,50,0.5
2681.0,52,0.5
2681.5,53,0.5
2682.0,53,0.5
2682.5,52,0.5
2683.0,51,0.5
2683.5,49,0.5
2684.0,47,0.5
2684.5,47,0.5
2685.0,49,0.5
2685.5,49,0.5
2686.0,47,0.5
2686.5,48,0.5
2687.0,50,0.5
2687.5,49,0.5
2688.0,48,0.5
2688.5,46,0.5
2689.0,47,0.5
2689.5,47,0.5
2690.0,47,0.5
2690.5,46,0.5
2691.0,48,0.5
2691.5,46,0.5
2692.0,47,0.5
2692.5,49,0.5
2693.0,50,0.5
2693.5,52,0.5
2694.0,54,0.5
2694.5,56,0.5
2695.0,55,0.5
2695.5,56,0.5
2696.0,57,0.5
2696.5,56,0.5
2697.0,54,0.5
2697.5,54,0.5
2698.0,55,0.5
2698.5,57,0.5
2699.0,59,0.5
2699.5,60,0.5
2700.0,60,0.5
2700.5,58,0.5
2701.0,60,0.5
2701.5,60,0.5
2702.0,58,0.5
2702.5,59,0.5
2703.0,57,0.5
2703.5,58,0.5
2704.0,59,0.5
2704.5,58,0.5
2705.0,60,0.5
2705.5,61,0.5
2706.0,59,0.5
2706.5,59,0.5
2707.0,57,0.5
2707.5,56,0.5
2708.0,55,0.5
2708.5,56,0.5
2709.0,55,0.5
2709.5,56,0.5
2710.0,58,0.5
2710.5,58,0.5
2711.0,58,0.5
2711.5,58,0.5
2712.0,58,0.5
2712.5,59,0.5
2713.0,59,0.5
2713.5,58,0.5
2714.0,60,0.5
2714.5,62,0.5
2715.0,64,0.5
2715.5,66,0.5
2716.0,67,0.5
2716.5,67,0.5
2717.0,65,0.5
2717.5,65,0.5
2718.0,65,0.5
2718.5,63,0.5
2719.0,62,0.5
2719.5,60,0.5
2720.0,59,0.5
2720.5,59,0.5
2721.0,61,0.5
2721.5,63,0.5
2722.0,61,0.5
2722.5,61,0.5
2723.0,59,0.5
2723.5,60,0.5
2724.0,62,0.5
2724.5,62,0.5
2725.0,62,0.5
2725.5,62,0.5
2726.0,63,0.5
2726.5,61,0.5
2727.0,59,0.5
2727.5,59,0.5
2728.0,57,0.5
2728.5,58,0.5
2729.0,56,0.5
2729.5,58,0.5
2730.0,60,0.5
2730.5,58,0.5
2731.0,60,0.5
2731.5,62,0.5
2732.0,62,0.5
2732.5,62,0.5
2733.0,62,0.5
2733.5,62,0.5
2734.0,61,0.5
2734.5,62,0.5
2735.0,62,0.5
2735.5,60,0.5
2736.0,60,0.5
2736.5,58,0.5
2737.0,59,0.5
2737.5,60,0.5
2738.0,60,0.5
2738.5,59,0.5
2739.0,61,0.5
2739.5,61,0.5
2740.0,62,0.5
2740.5,63,0.5
2741.0,62,0.5
2741.5,62,0.5
2742.0,64,0.5
2742.5,63,0.5
2743.0,64,0.5
2743.5,62,0.5
2744.0,61,0.5
2744.5,63,0.5
2745.0,62,0.5
2745.5,62,0.5
2746.0,64,0.5
2746.5,64,0.5
2747.0,65,0.5
2747.5,64,0.5
2748.0,66,0.5
2748.5,65,0.5
2749.0,66,0.5
2749.5,68,0.5
2750.0,68,0.5
2750.5,67,0.5
2751.0,66,0.5
2751.5,65,0.5
2752.0,65,0.5
2752.5,65,0.5
2753.0,66,0.5
2753.5,67,0.5
2754.0,69,0.5
2754.5,70,0.5
2755.0,71,0.5
2755.5,71,0.5
2756.0,70,0.5
2756.5,70,0.5
2757.0,71,0.5
2757.5,72,0.5
2758.0,73,0.5
2758.5,75,0.5
2759.0,74,0.5
2759.5,76,0.5
2760.0,78,0.5
2760.5,77,0.5
2761.0,77,0.5
2761.5,77,0.5
2762.0,76,0.5
2762.5,75,0.5
2763.0,74,0.5
2763.5,76,0.5
2764.0,74,0.5
2764.5,76,0.5
2765.0,76,0.5
2765.5,76,0.5
2766.0,74,0.5
2766.5,75,0.5
2767.0,76,0.5
2767.5,76,0.5
2768.0,75,0.5
2768.5,73,0.5
2769.0,73,0.5
2769.5,71,0.5
2770.0,72,0.5
2770.5,71,0.5
2771.0,70,0.5
2771.5,70,0.5
2772.0,72,0.5
2772.5,72,0.5
2773.0,72,0.5
2773.5,71,0.5
2774.0,71,0.5
2774.5,72,0.5
2775.0,70,0.5
2775.5,68,0.5
2776.0,70,0.5
2776.5,71,0.5
2777.0,70,0.5
2777.5,72,0.5
2778.0,72,0.5
2778.5,74,0.5
2779.0,73,0.5
2779.5,72,0.5
2780.0,70,0.5
2780.5,72,0.5
2781.0,73,0.5
2781.5,74,0.5
2782.0,74,0.5
2782.5,72,0.5
2783.0,71,0.5
2783.5,70,0.5
2784.0,72,0.5
2784.5,74,0.5
2785.0,73,0.5
2785.5,74,0.5
2786.0,74,0.5
2786.5,73,0.5
2787.0,74,0.5
2787.5,75,0.5
2788.0,75,0.5
2788.5,76,0.5
2789.0,77,0.5
2789.5,77,0.5
2790.0,77,0.5
2790.5,78,0.5
2791.0,78,0.5
2791.5,77,0.5
2792.0,75,0.5
2792.5,75,0.5
2793.0,74,0.5
2793.5,76,0.5
2794.0,77,0.5
2794.5,76,0.5
2795.0,77,0.5
2795.5,78,0.5
2796.0,77,0.5
2796.5,78,0.5
2797.0,76,0.5
2797.5,74,0.5
2798.0,76,0.5
2798.5,77,0.5
2799.0,75,0.5
2799.5,75,0.5
2800.0,73,0.5
2800.5,73,0.5
2801.0,71,0.5
2801.5,71,0.5
2802.0,71,0.5
2802.5,73,0.5
2803.0,74,0.5
2803.5,73,0.5
2804.0,72,0.5
2804.5,70,0.5
2805.0,71,0.5
2805.5,72,0.5
2806.0,74,0.5
2806.5,75,0.5
2807.0,75,0.5
2807.5,74,0.5
2808.0,76,0.5
2808.5,77,0.5
2809.0,75,0.5
2809.5,75,0.5
2810.0,76,0.5
2810.5,76,0.5
2811.0,78,0.5
2811.5,80,0.5
2812.0,79,0.5
2812.5,80,0.5
2813.0,78,0.5
2813.5,78,0.5
2814.0,79,0.5
2814.5,81,0.5
2815.0,83,0.5
2815.5,83,0.5
2816.0,84,0.5
2816.5,83,0.5
2817.0,82,0.5
2817.5,80,0.5
2818.0,79,0.5
2818.5,80,0.5
2819.0,80,0.5
2819.5,81,0.5
2820.0,79,0.5
2820.5,77,0.5
2821.0,79,0.5
2821.5,79,0.5
2822.0,79,0.5
2822.5,79,0.5
2823.0,81,0.5
2823.5,79,0.5
2824.0,77,0.5
2824.5,76,0.5
2825.0,77,0.5
2825.5,77,0.5
2826.0,78,0.5
2826.5,78,0.5
2827.0,80,0.5
2827.5,82,0.5
2828.0,83,0.5
2828.5,83,0.5
2829.0,85,0.5
2829.5,86,0.5
2830.0,88,0.5
2830.5,90,0.5
2831.0,88,0.5
2831.5,89,0.5
2832.0,88,0.5
2832.5,87,0.5
2833.0,85,0.5
2833.5,83,0.5
2834.0,82,0.5
2834.5,84,0.5
2835.0,82,0.5
2835.5,81,0.5
2836.0,80,0.5
2836.5,81,0.5
2837.0,80,0.5
2837.5,78,0.5
2838.0,80,0.5
2838.5,81,0.5
2839.0,81,0.5
2839.5,83,0.5
2840.0,81,0.5
2840.5,81,0.5
2841.0,82,0.5
2841.5,82,0.5
2842.0,81,0.5
2842.5,82,0.5
2843.0,81,0.5
2843.5,80,0.5
2844.0,79,0.5
2844.5,78,0.5
2845.0,79,0.5
2845.5,79,0.5
2846.0,81,0.5
2846.5,82,0.5
2847.0,83,0.5
2847.5,84,0.5
2848.0,84,0.5
2848.5,85,0.5
2849.0,86,0.5
2849.5,87,0.5
2850.0,87,0.5
2850.5,87,0.5
2851.0,88,0.5
2851.5,87,0.5
2852.0,86,0.5
2852.5,85,0.5
2853.0,84,0.5
2853.5,86,0.5
2854.0,87,0.5
2854.5,86,0.5
2855.0,85,0.5
2855.5,84,0.5
2856.0,84,0.5
2856.5,83,0.5
2857.0,82,0.5
2857.5,81,0.5
2858.0,82,0.5
2858.5,80,0.5
2859.0,80,0.5
2859.5,80,0.5
2860.0,81,0.5
2860.5,80,0.5
2861.0,82,0.5
2861.5,81,0.5
2862.0,81,0.5
2862.5,81,0.5
2863.0,82,0.5
2863.5,81,0.5
2864.0,82,0.5
2864.5,84,0.5
2865.0,86,0.5
2865.5,85,0.5
2866.0,84,0.5
2866.5,86,0.5
2867.0,88,0.5
2867.5,87,0.5
2868.0,85,0.5
2868.5,85,0.5
2869.0,87,0.5
2869.5,88,0.5
2870.0,87,0.5
2870.5,85,0.5
2871.0,85,0.5
2871.5,87,0.5
2872.0,89,0.5
2872.5,88,0.5
2873.0,88,0.5
2873.5,89,0.5
2874.0,89,0.5
2874.5,91,0.5
2875.0,90,0.5
2875.5,90,0.5
2876.0,89,0.5
2876.5,91,0.5
2877.0,92,0.5
2877.5,93,0.5
2878.0,93,0.5
2878.5,91,0.5
2879.0,89,0.5
2879.5,87,0.5
2880.0,88,0.5
2880.5,90,0.5
2881.0,90,0.5
2881.5,89,0.5
2882.0,91,0.5
2882.5,92,0.5
2883.0,94,0.5
2883.5,94,0.5
2884.0,95,0.5
2884.5,95,0.5
2885.0,97,0.5
2885.5,98,0.5
2886.0,99,0.5
2886.5,99,0.5
2887.0,101,0.5
2887.5,102,0.5
2888.0,100,0.5
2888.5,101,0.5
2889.0,100,0.5
2889.5,101,0.5
2890.0,102,0.5
2890.5,104,0.5
2891.0,102,0.5
2891.5,100,0.5
2892.0,99,0.5
2892.5,101,0.5
2893.0,102,0.5
2893.5,102,0.5
2894.0,104,0.5
2894.5,102,0.5
2895.0,104,0.5
2895.5,103,0.5
2896.0,105,0.5
2896.5,103,0.5
2897.0,103,0.5
2897.5,105,0.5
2898.0,106,0.5
2898.5,105,0.5
2899.0,107,0.5
2899.5,106,0.5
2900.0,104,0.5
2900.5,105,0.5
2901.0,107,0.5
2901.5,106,0.5
2902.0,104,0.5
2902.5,102,0.5
2903.0,104,0.5
2903.5,102,0.5
2904.0,101,0.5
2904.5,99,0.5
2905.0,101,0.5
2905.5,100,0.5
2906.0,100,0.5
2906.5,99,0.5
2907.0,99,0.5
2907.5,100,0.5
2908.0,102,0.5
2908.5,100,0.5
2909.0,102,0.5
2909.5,101,0.5
2910.0,103,0.5
2910.5,104,0.5
2911.0,105,0.5
2911.5,104,0.5
2912.0,104,0.5
2912.5,106,0.5
2913.0,106,0.5
2913.5,104,0.5
2914.0,104,0.5
2914.5,102,0.5
2915.0,103,0.5
2915.5,105,0.5
2916.0,107,0.5
2916.5,105,0.5
2917.0,105,0.5
2917.5,106,0.5
2918.0,107,0.5
2918.5,108,0.5
2919.0,108,0.5
2919.5,107,0.5
2920.0,108,0.5
2920.5,108,0.5
2921.0,108,0.5
2921.5,108,0.5
2922.0,107,0.5
2922.5,108,0.5
2923.0,108,0.5
2923.5,108,0.5
2924.0,106,0.5
2924.5,107,0.5
2925.0,106,0.5
2925.5,104,0.5
2926.0,104,0.5
2926.5,104,0.5
2927.0,104,0.5
2927.5,106,0.5
2928.0,106,0.5
2928.5,106,0.5
2929.0,107,0.5
2929.5,108,0.5
2930.0,108,0.5
2930.5,106,0.5
2931.0,105,0.5
2931.5,103,0.5
2932.0,101,0.5
2932.5,99,0.5
2933.0,99,0.5
2933.5,97,0.5
2934.0,97,0.5
2934.5,97,0.5
2935.0,96,0.5
2935.5,97,0.5
2936.0,99,0.5
2936.5,97,0.5
2937.0,98,0.5
2937.5,99,0.5
2938.0,100,0.5
2938.5,102,0.5
2939.0,104,0.5
2939.5,106,0.5
2940.0,107,0.5
2940.5,105,0.5
2941.0,107,0.5
2941.5,108,0.5
2942.0,107,0.5
2942.5,107,0.5
2943.0,107,0.5
2943.5,108,0.5
2944.0,106,0.5
2944.5,104,0.5
2945.0,105,0.5
2945.5,107,0.5
2946.0,108,0.5
2946.5,108,0.5
2947.0,108,0.5
2947.5,108,0.5
2948.0,108,0.5
2948.5,108,0.5
2949.0,108,0.5
2949.5,108,0.5
2950.0,108,0.5
2950.5,107,0.5
2951.0,108,0.5
2951.5,106,0.5
2952.0,104,0.5
2952.5,104,0.5
2953.0,103,0.5
2953.5,102,0.5
2954.0,100,0.5
2954.5,100,0.5
2955.0,100,0.5
2955.5,100,0.5
2956.0,101,0.5
2956.5,103,0.5
2957.0,101,0.5
2957.5,103,0.5
2958.0,105,0.5
2958.5,107,0.5
2959.0,106,0.5
2959.5,107,0.5
2960.0,108,0.5
2960.5,107,0.5
2961.0,106,0.5
2961.5,104,0.5
2962.0,102,0.5
2962.5,104,0.5
2963.0,105,0.5
2963.5,107,0.5
2964.0,107,0.5
2964.5,107,0.5
2965.0,106,0.5
2965.5,104,0.5
2966.0,102,0.5
2966.5,102,0.5
2967.0,100,0.5
2967.5,100,0.5
2968.0,102,0.5
2968.5,102,0.5
2969.0,104,0.5
2969.5,103,0.5
2970.0,105,0.5
2970.5,103,0.5
2971.0,104,0.5
2971.5,106,0.5
2972.0,107,0.5
2972.5,106,0.5
2973.0,105,0.5
2973.5,106,0.5
2974.0,106,0.5
2974.5,108,0.5
2975.0,108,0.5
2975.5,106,0.5
2976.0,104,0.5
2976.5,104,0.5
2977.0,106,0.5
2977.5,108,0.5
2978.0,108,0.5
2978.5,108,0.5
2979.0,108,0.5
2979.5,107,0.5
2980.0,107,0.5
2980.5,106,0.5
2981.0,108,0.5
2981.5,108,0.5
2982.0,106,0.5
2982.5,108,0.5
2983.0,108,0.5
2983.5,108,0.5
2984.0,107,0.5
2984.5,105,0.5
2985.0,104,0.5
2985.5,104,0.5
2986.0,105,0.5
2986.5,107,0.5
2987.0,107,0.5
2987.5,106,0.5
2988.0,105,0.5
2988.5,106,0.5
2989.0,107,0.5
2989.5,105,0.5
2990.0,104,0.5
2990.5,102,0.5
2991.0,102,0.5
2991.5,101,0.5
2992.0,99,0.5
2992.5,101,0.5
2993.0,99,0.5
2993.5,99,0.5
2994.0,98,0.5
2994.5,100,0.5
2995.0,99,0.5
2995.5,101,0.5
2996.0,103,0.5
2996.5,103,0.5
2997.0,103,0.5
2997.5,105,0.5
2998.0,107,0.5
2998.5,107,0.5
2999.0,106,0.5
2999.5,105,0.5
3000.0,105,0.5
3000.5,104,0.5
3001.0,103,0.5
3001.5,102,0.5
3002.0,102,0.5
3002.5,101,0.5
3003.0,103,0.5
3003.5,105,0.5
3004.0,105,0.5
3004.5,105,0.5
3005.0,103,0.5
3005.5,101,0.5
3006.0,102,0.5
3006.5,103,0.5
3007.0,104,0.5
3007.5,103,0.5
3008.0,105,0.5
3008.5,106,0.5
3009.0,104,0.5
3009.5,105,0.5
3010.0,104,0.5
3010.5,103,0.5
3011.0,103,0.5
3011.5,103,0.5
3012.0,103,0.5
3012.5,102,0.5
3013.0,101,0.5
3013.5,101,0.5
3014.0,103,0.5
3014.5,104,0.5
3015.0,104,0.5
3015.5,102,0.5
3016.0,101,0.5
3016.5,100,0.5
3017.0,99,0.5
3017.5,99,0.5
3018.0,101,0.5
3018.5,102,0.5
3019.0,102,0.5
3019.5,101,0.5
3020.0,103,0.5
3020.5,105,0.5
3021.0,107,0.5
3021.5,106,0.5
3022.0,108,0.5
3022.5,108,0.5
3023.0,108,0.5
3023.5,106,0.5
3024.0,105,0.5
3024.5,104,0.5
3025.0,102,0.5
3025.5,101,0.5
3026.0,100,0.5
3026.5,98,0.5
3027.0,98,0.5
3027.5,96,0.5
3028.0,97,0.5
3028.5,95,0.5
3029.0,93,0.5
3029.5,91,0.5
3030.0,92,0.5
3030.5,92,0.5
3031.0,90,0.5
3031.5,89,0.5
3032.0,89,0.5
3032.5,90,0.5
3033.0,90,0.5
3033.5,90,0.5
3034.0,88,0.5
3034.5,90,0.5
3035.0,90,0.5
3035.5,90,0.5
3036.0,89,0.5
3036.5,87,0.5
3037.0,86,0.5
3037.5,87,0.5
3038.0,87,0.5
3038.5,86,0.5
3039.0,88,0.5
3039.5,87,0.5
3040.0,85,0.5
3040.5,84,0.5
3041.0,82,0.5
3041.5,83,0.5
3042.0,83,0.5
3042.5,81,0.5
3043.0,83,0.5
3043.5,85,0.5
3044.0,83,0.5
3044.5,84,0.5
3045.0,85,0.5
3045.5,87,0.5
3046.0,87,0.5
3046.5,87,0.5
3047.0,86,0.5
3047.5,88,0.5
3048.0,90,0.5
3048.5,90,0.5
3049.0,90,0.5
3049.5,90,0.5
3050.0,89,0.5
3050.5,88,0.5
3051.0,89,0.5
3051.5,91,0.5
3052.0,90,0.5
3052.5,91,0.5
3053.0,89,0.5
3053.5,87,0.5
3054.0,86,0.5
3054.5,88,0.5
3055.0,86,0.5
3055.5,84,0.5
3056.0,82,0.5
3056.5,83,0.5
3057.0,81,0.5
3057.5,80,0.5
3058.0,79,0.5
3058.5,78,0.5
3059.0,76,0.5
3059.5,78,0.5
3060.0,78,0.5
3060.5,80,0.5
3061.0,78,0.5
3061.5,78,0.5
3062.0,77,0.5
3062.5,78,0.5
3063.0,76,0.5
3063.5,77,0.5
3064.0,77,0.5
3064.5,76,0.5
3065.0,77,0.5
3065.5,78,0.5
3066.0,79,0.5
3066.5,80,0.5
3067.0,78,0.5
3067.5,79,0.5
3068.0,80,0.5
3068.5,80,0.5
3069.0,81,0.5
3069.5,79,0.5
3070.0,79,0.5
3070.5,77,0.5
3071.0,79,0.5
3071.5,80,0.5
3072.0,79,0.5
3072.5,81,0.5
3073.0,81,0.5
3073.5,80,0.5
3074.0,79,0.5
3074.5,81,0.5
3075.0,81,0.5
3075.5,79,0.5
3076.0,79,0.5
3076.5,81,0.5
3077.0,81,0.5
3077.5,79,0.5
3078.0,79,0.5
3078.5,78,0.5
3079.0,76,0.5
3079.5,76,0.5
3080.0,77,0.5
3080.5,77,0.5
3081.0,79,0.5
3081.5,78,0.5
3082.0,76,0.5
3082.5,75,0.5
3083.0,76,0.5
3083.5,77,0.5
3084.0,79,0.5
3084.5,81,0.5
3085.0,79,0.5
3085.5,81,0.5
3086.0,82,0.5
3086.5,84,0.5
3087.0,84,0.5
3087.5,83,0.5
3088.0,82,0.5
3088.5,81,0.5
3089.0,81,0.5
3089.5,81,0.5
3090.0,80,0.5
3090.5,78,0.5
3091.0,78,0.5
3091.5,79,0.5
3092.0,78,0.5
3092.5,78,0.5
3093.0,79,0.5
3093.5,78,0.5
3094.0,78,0.5
3094.5,80,0.5
3095.0,78,0.5
3095.5,79,0.5
3096.0,80,0.5
3096.5,80,0.5
3097.0,82,0.5
3097.5,82,0.5
3098.0,84,0.5
3098.5,85,0.5
3099.0,84,0.5
3099.5,85,0.5
3100.0,84,0.5
3100.5,82,0.5
3101.0,84,0.5
3101.5,86,0.5
3102.0,88,0.5
3102.5,90,0.5
3103.0,91,0.5
3103.5,92,0.5
3104.0,91,0.5
3104.5,93,0.5
3105.0,92,0.5
3105.5,93,0.5
3106.0,92,0.5
3106.5,94,0.5
3107.0,93,0.5
3107.5,93,0.5
3108.0,92,0.5
3108.5,91,0.5
3109.0,93,0.5
3109.5,91,0.5
3110.0,93,0.5
3110.5,91,0.5
3111.0,92,0.5
3111.5,90,0.5
3112.0,88,0.5
3112.5,90,0.5
3113.0,92,0.5
3113.5,93,0.5
3114.0,91,0.5
3114.5,91,0.5
3115.0,90,0.5
3115.5,89,0.5
3116.0,88,0.5
3116.5,88,0.5
3117.0,87,0.5
3117.5,88,0.5
3118.0,89,0.5
3118.5,89,0.5
3119.0,88,0.5
3119.5,89,0.5
3120.0,91,0.5
3120.5,93,0.5
3121.0,92,0.5
3121.5,93,0.5
3122.0,91,0.5
3122.5,92,0.5
3123.0,92,0.5
3123.5,92,0.5
3124.0,90,0.5
3124.5,88,0.5
3125.0,89,0.5
3125.5,91,0.5
3126.0,93,0.5
3126.5,91,0.5
3127.0,90,0.5
3127.5,89,0.5
3128.0,89,0.5
3128.5,89,0.5
3129.0,87,0.5
3129.5,85,0.5
3130.0,86,0.5
3130.5,86,0.5
3131.0,87,0.5
3131.5,89,0.5
3132.0,87,0.5
3132.5,85,0.5
3133.0,84,0.5
3133.5,86,0.5
3134.0,86,0.5
3134.5,85,0.5
3135.0,83,0.5
3135.5,83,0.5
3136.0,81,0.5
3136.5,79,0.5
3137.0,77,0.5
3137.5,76,0.5
3138.0,78,0.5
3138.5,78,0.5
3139.0,78,0.5
3139.5,80,0.5
3140.0,81,0.5
3140.5,79,0.5
3141.0,81,0.5
3141.5,81,0.5
3142.0,80,0.5
3142.5,82,0.5
3143.0,83,0.5
3143.5,85,0.5
3144.0,84,0.5
3144.5,85,0.5
3145.0,84,0.5
3145.5,85,0.5
3146.0,86,0.5
3146.5,88,0.5
3147.0,87,0.5
3147.5,85,0.5
3148.0,85,0.5
3148.5,84,0.5
3149.0,84,0.5
3149.5,84,0.5
3150.0,84,0.5
3150.5,85,0.5
3151.0,85,0.5
3151.5,84,0.5
3152.0,85,0.5
3152.5,86,0.5
3153.0,84,0.5
3153.5,86,0.5
3154.0,88,0.5
3154.5,89,0.5
3155.0,88,0.5
3155.5,90,0.5
3156.0,92,0.5
3156.5,91,0.5
3157.0,89,0.5
3157.5,87,0.5
3158.0,87,0.5
3158.5,85,0.5
3159.0,85,0.5
3159.5,84,0.5
3160.0,82,0.5
3160.5,82,0.5
3161.0,81,0.5
3161.5,79,0.5
3162.0,80,0.5
3162.5,80,0.5
3163.0,79,0.5
3163.5,78,0.5
3164.0,78,0.5
3164.5,77,0.5
3165.0,76,0.5
3165.5,78,0.5
3166.0,80,0.5
3166.5,82,0.5
3167.0,80,0.5
3167.5,80,0.5
3168.0,82,0.5
3168.5,82,0.5
3169.0,81,0.5
3169.5,79,0.5
3170.0,81,0.5
3170.5,79,0.5
3171.0,77,0.5
3171.5,78,0.5
3172.0,76,0.5
3172.5,76,0.5
3173.0,75,0.5
3173.5,76,0.5
3174.0,77,0.5
3174.5,76,0.5
3175.0,77,0.5
3175.5,76,0.5
3176.0,77,0.5
3176.5,76,0.5
3177.0,78,0.5
3177.5,80,0.5
3178.0,82,0.5
3178.5,80,0.5
3179.0,82,0.5
3179.5,83,0.5
3180.0,84,0.5
3180.5,85,0.5
3181.0,84,0.5
3181.5,85,0.5
3182.0,83,0.5
3182.5,82,0.5
3183.0,83,0.5
3183.5,82,0.5
3184.0,80,0.5
3184.5,78,0.5
3185.0,80,0.5
3185.5,79,0.5
3186.0,78,0.5
3186.5,78,0.5
3187.0,79,0.5
3187.5,80,0.5
3188.0,79,0.5
3188.5,79,0.5
3189.0,78,0.5
3189.5,79,0.5
3190.0,80,0.5
3190.5,79,0.5
3191.0,81,0.5
3191.5,82,0.5
3192.0,81,0.5
3192.5,81,0.5
3193.0,80,0.5
3193.5,78,0.5
3194.0,77,0.5
3194.5,76,0.5
3195.0,77,0.5
3195.5,76,0.5
3196.0,76,0.5
3196.5,75,0.5
3197.0,76,0.5
3197.5,76,0.5
3198.0,78,0.5
3198.5,77,0.5
3199.0,77,0.5
3199.5,75,0.5
3200.0,73,0.5
3200.5,73,0.5
3201.0,74,0.5
3201.5,76,0.5
3202.0,77,0.5
3202.5,75,0.5
3203.0,77,0.5
3203.5,76,0.5
3204.0,76,0.5
3204.5,76,0.5
3205.0,78,0.5
3205.5,80,0.5
3206.0,81,0.5
3206.5,81,0.5
3207.0,83,0.5
3207.5,82,0.5
3208.0,84,0.5
3208.5,85,0.5
3209.0,84,0.5
3209.5,83,0.5
3210.0,84,0.5
3210.5,86,0.5
3211.0,87,0.5
3211.5,87,0.5
3212.0,86,0.5
3212.5,86,0.5
3213.0,88,0.5
3213.5,89,0.5
3214.0,91,0.5
3214.5,90,0.5
3215.0,88,0.5
3215.5,86,0.5
3216.0,86,0.5
3216.5,86,0.5
3217.0,87,0.5
3217.5,87,0.5
3218.0,88,0.5
3218.5,86,0.5
3219.0,86,0.5
3219.5,88,0.5
3220.0,87,0.5
3220.5,87,0.5
3221.0,89,0.5
3221.5,87,0.5
3222.0,86,0.5
3222.5,88,0.5
3223.0,90,0.5
3223.5,90,0.5
3224.0,89,0.5
3224.5,87,0.5
3225.0,85,0.5
3225.5,87,0.5
3226.0,86,0.5
3226.5,85,0.5
3227.0,84,0.5
3227.5,85,0.5
3228.0,83,0.5
3228.5,81,0.5
3229.0,83,0.5
3229.5,81,0.5
3230.0,83,0.5
3230.5,81,0.5
3231.0,81,0.5
3231.5,82,0.5
3232.0,80,0.5
3232.5,81,0.5
3233.0,83,0.5
3233.5,82,0.5
3234.0,83,0.5
3234.5,81,0.5
3235.0,80,0.5
3235.5,82,0.5
3236.0,83,0.5
3236.5,84,0.5
3237.0,86,0.5
3237.5,88,0.5
3238.0,88,0.5
3238.5,87,0.5
3239.0,86,0.5
3239.5,84,0.5
3240.0,85,0.5
3240.5,84,0.5
3241.0,85,0.5
3241.5,87,0.5
3242.0,87,0.5
3242.5,85,0.5
3243.0,83,0.5
3243.5,82,0.5
3244.0,84,0.5
3244.5,85,0.5
3245.0,86,0.5
3245.5,87,0.5
3246.0,89,0.5
3246.5,89,0.5
3247.0,89,0.5
3247.5,90,0.5
3248.0,92,0.5
3248.5,93,0.5
3249.0,93,0.5
3249.5,92,0.5
3250.0,94,0.5
3250.5,93,0.5
3251.0,93,0.5
3251.5,92,0.5
3252.0,90,0.5
3252.5,88,0.5
3253.0,88,0.5
3253.5,89,0.5
3254.0,88,0.5
3254.5,88,0.5
3255.0,90,0.5
3255.5,88,0.5
3256.0,90,0.5
3256.5,90,0.5
3257.0,91,0.5
3257.5,89,0.5
3258.0,89,0.5
3258.5,87,0.5
3259.0,86,0.5
3259.5,88,0.5
3260.0,86,0.5
3260.5,84,0.5
3261.0,82,0.5
3261.5,84,0.5
3262.0,83,0.5
3262.5,83,0.5
3263.0,81,0.5
3263.5,80,0.5
3264.0,81,0.5
3264.5,83,0.5
3265.0,81,0.5
3265.5,81,0.5
3266.0,79,0.5
3266.5,80,0.5
3267.0,79,0.5
3267.5,78,0.5
3268.0,79,0.5
3268.5,79,0.5
3269.0,80,0.5
3269.5,79,0.5
3270.0,78,0.5
3270.5,78,0.5
3271.0,77,0.5
3271.5,78,0.5
3272.0,78,0.5
3272.5,79,0.5
3273.0,78,0.5
3273.5,78,0.5
3274.0,80,0.5
3274.5,80,0.5
3275.0,82,0.5
3275.5,84,0.5
3276.0,84,0.5
3276.5,82,0.5
3277.0,82,0.5
3277.5,82,0.5
3278.0,83,0.5
3278.5,85,0.5
3279.0,87,0.5
3279.5,86,0.5
3280.0,88,0.5
3280.5,86,0.5
3281.0,84,0.5
3281.5,84,0.5
3282.0,86,0.5
3282.5,88,0.5
3283.0,90,0.5
3283.5,88,0.5
3284.0,87,0.5
3284.5,88,0.5
3285.0,89,0.5
3285.5,89,0.5
3286.0,89,0.5
3286.5,91,0.5
3287.0,90,0.5
3287.5,89,0.5
3288.0,87,0.5
3288.5,86,0.5
3289.0,86,0.5
3289.5,88,0.5
3290.0,86,0.5
3290.5,86,0.5
3291.0,84,0.5
3291.5,84,0.5
3292.0,82,0.5
3292.5,81,0.5
3293.0,83,0.5
3293.5,82,0.5
3294.0,83,0.5
3294.5,83,0.5
3295.0,81,0.5
3295.5,83,0.5
3296.0,83,0.5
3296.5,83,0.5
3297.0,83,0.5
3297.5,81,0.5
3298.0,80,0.5
3298.5,78,0.5
3299.0,76,0.5
3299.5,75,0.5
3300.0,77,0.5
3300.5,76,0.5
3301.0,76,0.5
3301.5,78,0.5
3302.0,79,0.5
3302.5,80,0.5
3303.0,79,0.5
3303.5,78,0.5
3304.0,79,0.5
3304.5,77,0.5
3305.0,75,0.5
3305.5,73,0.5
3306.0,72,0.5
3306.5,73,0.5
3307.0,74,0.5
3307.5,72,0.5
3308.0,71,0.5
3308.5,70,0.5
3309.0,70,0.5
3309.5,71,0.5
3310.0,70,0.5
3310.5,72,0.5
3311.0,70,0.5
3311.5,69,0.5
3312.0,67,0.5
3312.5,66,0.5
3313.0,67,0.5
3313.5,69,0.5
3314.0,67,0.5
3314.5,65,0.5
3315.0,63,0.5
3315.5,63,0.5
3316.0,62,0.5
3316.5,61,0.5
3317.0,62,0.5
3317.5,64,0.5
3318.0,66,0.5
3318.5,67,0.5
3319.0,65,0.5
3319.5,66,0.5
3320.0,68,0.5
3320.5,67,0.5
3321.0,65,0.5
3321.5,67,0.5
3322.0,68,0.5
3322.5,68,0.5
3323.0,70,0.5
3323.5,68,0.5
3324.0,66,0.5
3324.5,65,0.5
3325.0,63,0.5
3325.5,63,0.5
3326.0,62,0.5
3326.5,62,0.5
3327.0,62,0.5
3327.5,63,0.5
3328.0,61,0.5
3328.5,62,0.5
3329.0,61,0.5
3329.5,63,0.5
3330.0,64,0.5
3330.5,64,0.5
3331.0,65,0.5
3331.5,67,0.5
3332.0,67,0.5
3332.5,67,0.5
3333.0,66,0.5
3333.5,66,0.5
3334.0,64,0.5
3334.5,63,0.5
3335.0,61,0.5
3335.5,63,0.5
3336.0,62,0.5
3336.5,64,0.5
3337.0,64,0.5
3337.5,64,0.5
3338.0,63,0.5
3338.5,65,0.5
3339.0,63,0.5
3339.5,64,0.5
3340.0,62,0.5
3340.5,63,0.5
3341.0,63,0.5
3341.5,64,0.5
3342.0,65,0.5
3342.5,65,0.5
3343.0,63,0.5
3343.5,65,0.5
3344.0,65,0.5
3344.5,64,0.5
3345.0,63,0.5
3345.5,64,0.5
3346.0,66,0.5
3346.5,66,0.5
3347.0,67,0.5
3347.5,66,0.5
3348.0,68,0.5
3348.5,70,0.5
3349.0,69,0.5
3349.5,68,0.5
3350.0,70,0.5
3350.5,71,0.5
3351.0,69,0.5
3351.5,71,0.5
3352.0,72,0.5
3352.5,72,0.5
3353.0,71,0.5
3353.5,73,0.5
3354.0,71,0.5
3354.5,69,0.5
3355.0,67,0.5
3355.5,69,0.5
3356.0,69,0.5
3356.5,69,0.5
3357.0,71,0.5
3357.5,70,0.5
3358.0,70,0.5
3358.5,70,0.5
3359.0,69,0.5
3359.5,70,0.5
3360.0,70,0.5
3360.5,71,0.5
3361.0,69,0.5
3361.5,67,0.5
3362.0,67,0.5
3362.5,68,0.5
3363.0,66,0.5
3363.5,64,0.5
3364.0,66,0.5
3364.5,65,0.5
3365.0,67,0.5
3365.5,67,0.5
3366.0,65,0.5
3366.5,65,0.5
3367.0,67,0.5
3367.5,65,0.5
3368.0,64,0.5
3368.5,66,0.5
3369.0,68,0.5
3369.5,69,0.5
3370.0,69,0.5
3370.5,67,0.5
3371.0,67,0.5
3371.5,66,0.5
3372.0,68,0.5
3372.5,68,0.5
3373.0,69,0.5
3373.5,68,0.5
3374.0,66,0.5
3374.5,67,0.5
3375.0,67,0.5
3375.5,69,0.5
3376.0,67,0.5
3376.5,69,0.5
3377.0,67,0.5
3377.5,66,0.5
3378.0,65,0.5
3378.5,65,0.5
3379.0,66,0.5
3379.5,65,0.5
3380.0,66,0.5
3380.5,64,0.5
3381.0,62,0.5
3381.5,61,0.5
3382.0,62,0.5
3382.5,60,0.5
3383.0,61,0.5
3383.5,62,0.5
3384.0,64,0.5
3384.5,63,0.5
3385.0,65,0.5
3385.5,65,0.5
3386.0,67,0.5
3386.5,66,0.5
3387.0,66,0.5
3387.5,66,0.5
3388.0,68,0.5
3388.5,67,0.5
3389.0,69,0.5
3389.5,70,0.5
3390.0,71,0.5
3390.5,73,0.5
3391.0,75,0.5
3391.5,73,0.5
3392.0,72,0.5
3392.5,72,0.5
3393.0,70,0.5
3393.5,72,0.5
3394.0,70,0.5
3394.5,69,0.5
3395.0,70,0.5
3395.5,68,0.5
3396.0,68,0.5
3396.5,69,0.5
3397.0,70,0.5
3397.5,69,0.5
3398.0,71,0.5
3398.5,73,0.5
3399.0,75,0.5
3399.5,73,0.5
3400.0,75,0.5
3400.5,77,0.5
3401.0,75,0.5
3401.5,75,0.5
3402.0,75,0.5
3402.5,74,0.5
3403.0,73,0.5
3403.5,72,0.5
3404.0,74,0.5
3404.5,75,0.5
3405.0,74,0.5
3405.5,73,0.5
3406.0,72,0.5
3406.5,72,0.5
3407.0,70,0.5
3407.5,68,0.5
3408.0,67,0.5
3408.5,66,0.5
3409.0,66,0.5
3409.5,66,0.5
3410.0,67,0.5
3410.5,68,0.5
3411.0,66,0.5
3411.5,64,0.5
3412.0,63,0.5
3412.5,64,0.5
3413.0,64,0.5
3413.5,66,0.5
3414.0,66,0.5
3414.5,68,0.5
3415.0,67,0.5
3415.5,68,0.5
3416.0,69,0.5
3416.5,69,0.5
3417.0,67,0.5
3417.5,67,0.5
3418.0,65,0.5
3418.5,65,0.5
3419.0,67,0.5
3419.5,69,0.5
3420.0,68,0.5
3420.5,68,0.5
3421.0,70,0.5
3421.5,69,0.5
3422.0,71,0.5
3422.5,73,0.5
3423.0,73,0.5
3423.5,71,0.5
3424.0,73,0.5
3424.5,74,0.5
3425.0,75,0.5
3425.5,74,0.5
3426.0,74,0.5
3426.5,72,0.5
3427.0,71,0.5
3427.5,69,0.5
3428.0,70,0.5
3428.5,69,0.5
3429.0,67,0.5
3429.5,66,0.5
3430.0,68,0.5
3430.5,70,0.5
3431.0,69,0.5
3431.5,71,0.5
3432.0,72,0.5
3432.5,70,0.5
3433.0,68,0.5
3433.5,66,0.5
3434.0,65,0.5
3434.5,67,0.5
3435.0,65,0.5
3435.5,64,0.5
3436.0,64,0.5
3436.5,63,0.5
3437.0,61,0.5
3437.5,62,0.5
3438.0,62,0.5
3438.5,64,0.5
3439.0,65,0.5
3439.5,65,0.5
3440.0,64,0.5
3440.5,64,0.5
3441.0,62,0.5
3441.5,60,0.5
3442.0,60,0.5
3442.5,60,0.5
3443.0,61,0.5
3443.5,62,0.5
3444.0,62,0.5
3444.5,64,0.5
3445.0,64,0.5
3445.5,65,0.5
3446.0,67,0.5
3446.5,67,0.5
3447.0,66,0.5
3447.5,64,0.5
3448.0,64,0.5
3448.5,62,0.5
3449.0,64,0.5
3449.5,64,0.5
3450.0,62,0.5
3450.5,62,0.5
3451.0,60,0.5
3451.5,59,0.5
3452.0,57,0.5
3452.5,55,0.5
3453.0,57,0.5
3453.5,59,0.5
3454.0,61,0.5
3454.5,63,0.5
3455.0,62,0.5
3455.5,62,0.5
3456.0,60,0.5
3456.5,60,0.5
3457.0,62,0.5
3457.5,61,0.5
3458.0,59,0.5
3458.5,57,0.5
3459.0,59,0.5
3459.5,57,0.5
3460.0,58,0.5
3460.5,56,0.5
3461.0,58,0.5
3461.5,58,0.5
3462.0,56,0.5
3462.5,54,0.5
3463.0,54,0.5
3463.5,52,0.5
3464.0,54,0.5
3464.5,56,0.5
3465.0,55,0.5
3465.5,53,0.5
3466.0,55,0.5
3466.5,57,0.5
3467.0,58,0.5
3467.5,57,0.5
3468.0,55,0.5
3468.5,57,0.5
3469.0,57,0.5
3469.5,59,0.5
3470.0,60,0.5
3470.5,62,0.5
3471.0,64,0.5
3471.5,62,0.5
3472.0,63,0.5
3472.5,65,0.5
3473.0,63,0.5
3473.5,63,0.5
3474.0,65,0.5
3474.5,63,0.5
3475.0,62,0.5
3475.5,62,0.5
3476.0,62,0.5
3476.5,64,0.5
3477.0,65,0.5
3477.5,66,0.5
3478.0,67,0.5
3478.5,66,0.5
3479.0,65,0.5
3479.5,64,0.5
3480.0,63,0.5
3480.5,65,0.5
3481.0,67,0.5
3481.5,65,0.5
3482.0,63,0.5
3482.5,62,0.5
3483.0,60,0.5
3483.5,59,0.5
3484.0,58,0.5
3484.5,57,0.5
3485.0,56,0.5
3485.5,55,0.5
3486.0,57,0.5
3486.5,59,0.5
3487.0,57,0.5
3487.5,59,0.5
3488.0,57,0.5
3488.5,55,0.5
3489.0,53,0.5
3489.5,51,0.5
3490.0,52,0.5
3490.5,52,0.5
3491.0,54,0.5
3491.5,53,0.5
3492.0,53,0.5
3492.5,55,0.5
3493.0,56,0.5
3493.5,56,0.5
3494.0,58,0.5
3494.5,58,0.5
3495.0,56,0.5
3495.5,56,0.5
3496.0,55,0.5
3496.5,56,0.5
3497.0,57,0.5
3497.5,59,0.5
3498.0,60,0.5
3498.5,62,0.5
3499.0,63,0.5
3499.5,63,0.5
3500.0,63,0.5
3500.5,61,0.5
3501.0,62,0.5
3501.5,62,0.5
3502.0,63,0.5
3502.5,61,0.5
3503.0,63,0.5
3503.5,65,0.5
3504.0,64,0.5
3504.5,65,0.5
3505.0,64,0.5
3505.5,66,0.5
3506.0,67,0.5
3506.5,65,0.5
3507.0,63,0.5
3507.5,65,0.5
3508.0,65,0.5
3508.5,67,0.5
3509.0,69,0.5
3509.5,67,0.5
3510.0,65,0.5
3510.5,65,0.5
3511.0,63,0.5
3511.5,63,0.5
3512.0,62,0.5
3512.5,63,0.5
3513.0,63,0.5
3513.5,64,0.5
3514.0,66,0.5
3514.5,68,0.5
3515.0,68,0.5
3515.5,68,0.5
3516.0,66,0.5
3516.5,65,0.5
3517.0,67,0.5
3517.5,68,0.5
3518.0,68,0.5
3518.5,68,0.5
3519.0,70,0.5
3519.5,70,0.5
3520.0,70,0.5
3520.5,68,0.5
3521.0,67,0.5
3521.5,65,0.5
3522.0,67,0.5
3522.5,68,0.5
3523.0,70,0.5
3523.5,70,0.5
3524.0,68,0.5
3524.5,68,0.5
3525.0,69,0.5
3525.5,67,0.5
3526.0,65,0.5
3526.5,66,0.5
3527.0,65,0.5
3527.5,65,0.5
3528.0,65,0.5
3528.5,67,0.5
3529.0,65,0.5
3529.5,64,0.5
3530.0,63,0.5
3530.5,64,0.5
3531.0,64,0.5
3531.5,64,0.5
3532.0,63,0.5
3532.5,62,0.5
3533.0,60,0.5
3533.5,60,0.5
3534.0,58,0.5
3534.5,57,0.5
3535.0,55,0.5
3535.5,57,0.5
3536.0,56,0.5
3536.5,58,0.5
3537.0,56,0.5
3537.5,57,0.5
3538.0,56,0.5
3538.5,56,0.5
3539.0,58,0.5
3539.5,56,0.5
3540.0,55,0.5
3540.5,54,0.5
3541.0,53,0.5
3541.5,55,0.5
3542.0,54,0.5
3542.5,55,0.5
3543.0,55,0.5
3543.5,54,0.5
3544.0,55,0.5
3544.5,54,0.5
3545.0,52,0.5
3545.5,53,0.5
3546.0,51,0.5
3546.5,51,0.5
3547.0,53,0.5
3547.5,54,0.5
3548.0,54,0.5
3548.5,56,0.5
3549.0,58,0.5
3549.5,56,0.5
3550.0,56,0.5
3550.5,58,0.5
3551.0,57,0.5
3551.5,55,0.5
3552.0,56,0.5
3552.5,58,0.5
3553.0,60,0.5
3553.5,61,0.5
3554.0,61,0.5
3554.5,60,0.5
3555.0,62,0.5
3555.5,60,0.5
3556.0,61,0.5
3556.5,59,0.5
3557.0,57,0.5
3557.5,56,0.5
3558.0,58,0.5
3558.5,56,0.5
3559.0,56,0.5
3559.5,57,0.5
3560.0,58,0.5
3560.5,60,0.5
3561.0,62,0.5
3561.5,64,0.5
3562.0,64,0.5
3562.5,64,0.5
3563.0,66,0.5
3563.5,65,0.5
3564.0,67,0.5
3564.5,68,0.5
3565.0,66,0.5
3565.5,64,0.5
3566.0,64,0.5
3566.5,66,0.5
3567.0,66,0.5
3567.5,67,0.5
3568.0,65,0.5
3568.5,64,0.5
3569.0,65,0.5
3569.5,65,0.5
3570.0,64,0.5
3570.5,62,0.5
3571.0,62,0.5
3571.5,60,0.5
3572.0,62,0.5
3572.5,61,0.5
3573.0,59,0.5
3573.5,60,0.5
3574.0,59,0.5
3574.5,61,0.5
3575.0,59,0.5
3575.5,60,0.5
3576.0,60,0.5
3576.5,59,0.5
3577.0,61,0.5
3577.5,63,0.5
3578.0,64,0.5
3578.5,63,0.5
3579.0,61,0.5
3579.5,59,0.5
3580.0,58,0.5
3580.5,56,0.5
3581.0,56,0.5
3581.5,57,0.5
3582.0,59,0.5
3582.5,58,0.5
3583.0,56,0.5
3583.5,57,0.5
3584.0,57,0.5
3584.5,56,0.5
3585.0,58,0.5
3585.5,56,0.5
3586.0,55,0.5
3586.5,54,0.5
3587.0,56,0.5
3587.5,54,0.5
3588.0,52,0.5
3588.5,52,0.5
3589.0,53,0.5
3589.5,51,0.5
3590.0,52,0.5
3590.5,54,0.5
3591.0,53,0.5
3591.5,54,0.5
3592.0,52,0.5
3592.5,54,0.5
3593.0,56,0.5
3593.5,55,0.5
3594.0,57,0.5
3594.5,57,0.5
3595.0,56,0.5
3595.5,58,0.5
3596.0,60,0.5
3596.5,60,0.5
3597.0,60,0.5
3597.5,60,0.5
3598.0,62,0.5
3598.5,63,0.5
3599.0,64,0.5
3599.5,66,0.5
3600.0,66,0.5
3600.5,64,0.5
3601.0,66,0.5
3601.5,67,0.5
3602.0,66,0.5
3602.5,67,0.5
3603.0,68,0.5
3603.5,68,0.5
3604.0,69,0.5
3604.5,71,0.5
3605.0,72,0.5
3605.5,72,0.5
3606.0,72,0.5
3606.5,70,0.5
3607.0,72,0.5
3607.5,73,0.5
3608.0,71,0.5
3608.5,72,0.5
3609.0,73,0.5
3609.5,74,0.5
3610.0,74,0.5
3610.5,74,0.5
3611.0,75,0.5
3611.5,73,0.5
3612.0,71,0.5
3612.5,70,0.5
3613.0,71,0.5
3613.5,69,0.5
3614.0,70,0.5
3614.5,71,0.5
3615.0,71,0.5
3615.5,69,0.5
3616.0,70,0.5
3616.5,69,0.5
3617.0,71,0.5
3617.5,73,0.5
3618.0,73,0.5
3618.5,74,0.5
3619.0,76,0.5
3619.5,74,0.5
3620.0,76,0.5
3620.5,74,0.5
3621.0,74,0.5
3621.5,73,0.5
3622.0,73,0.5
3622.5,73,0.5
3623.0,73,0.5
3623.5,72,0.5
3624.0,71,0.5
3624.5,69,0.5
3625.0,67,0.5
3625.5,68,0.5
3626.0,67,0.5
3626.5,66,0.5
3627.0,65,0.5
3627.5,64,0.5
3628.0,65,0.5
3628.5,66,0.5
3629.0,68,0.5
3629.5,67,0.5
3630.0,69,0.5
3630.5,68,0.5
3631.0,69,0.5
3631.5,67,0.5
3632.0,67,0.5
3632.5,68,0.5
3633.0,66,0.5
3633.5,66,0.5
3634.0,64,0.5
3634.5,64,0.5
3635.0,64,0.5
3635.5,62,0.5
3636.0,60,0.5
3636.5,61,0.5
3637.0,61,0.5
3637.5,62,0.5
3638.0,61,0.5
3638.5,60,0.5
3639.0,60,0.5
3639.5,60,0.5
3640.0,61,0.5
3640.5,60,0.5
3641.0,62,0.5
3641.5,60,0.5
3642.0,60,0.5
3642.5,62,0.5
3643.0,62,0.5
3643.5,64,0.5
3644.0,65,0.5
3644.5,66,0.5
3645.0,68,0.5
3645.5,67,0.5
3646.0,66,0.5
3646.5,66,0.5
3647.0,67,0.5
3647.5,67,0.5
3648.0,67,0.5
3648.5,68,0.5
3649.0,67,0.5
3649.5,67,0.5
3650.0,68,0.5
3650.5,66,0.5
3651.0,66,0.5
3651.5,66,0.5
3652.0,67,0.5
3652.5,66,0.5
3653.0,67,0.5
3653.5,65,0.5
3654.0,66,0.5
3654.5,64,0.5
3655.0,64,0.5
3655.5,64,0.5
3656.0,65,0.5
3656.5,66,0.5
3657.0,67,0.5
3657.5,66,0.5
3658.0,65,0.5
3658.5,66,0.5
3659.0,65,0.5
3659.5,67,0.5
3660.0,67,0.5
3660.5,65,0.5
3661.0,64,0.5
3661.5,62,0.5
3662.0,63,0.5
3662.5,63,0.5
3663.0,63,0.5
3663.5,61,0.5
3664.0,60,0.5
3664.5,60,0.5
3665.0,62,0.5
3665.5,64,0.5
3666.0,64,0.5
3666.5,66,0.5
3667.0,64,0.5
3667.5,62,0.5
3668.0,64,0.5
3668.5,62,0.5
3669.0,60,0.5
3669.5,59,0.5
3670.0,57,0.5
3670.5,59,0.5
3671.0,57,0.5
3671.5,56,0.5
3672.0,57,0.5
3672.5,58,0.5
3673.0,56,0.5
3673.5,56,0.5
3674.0,56,0.5
3674.5,58,0.5
3675.0,60,0.5
3675.5,60,0.5
3676.0,58,0.5
3676.5,56,0.5
3677.0,58,0.5
3677.5,60,0.5
3678.0,58,0.5
3678.5,60,0.5
3679.0,59,0.5
3679.5,58,0.5
3680.0,60,0.5
3680.5,60,0.5
3681.0,60,0.5
3681.5,59,0.5
3682.0,58,0.5
3682.5,59,0.5
3683.0,60,0.5
3683.5,61,0.5
3684.0,61,0.5
3684.5,63,0.5
3685.0,63,0.5
3685.5,64,0.5
3686.0,64,0.5
3686.5,62,0.5
3687.0,61,0.5
3687.5,60,0.5
3688.0,58,0.5
3688.5,57,0.5
3689.0,58,0.5
3689.5,56,0.5
3690.0,58,0.5
3690.5,60,0.5
3691.0,61,0.5
3691.5,59,0.5
3692.0,59,0.5
3692.5,58,0.5
3693.0,56,0.5
3693.5,54,0.5
3694.0,54,0.5
3694.5,54,0.5
3695.0,55,0.5
3695.5,55,0.5
3696.0,57,0.5
3696.5,57,0.5
3697.0,55,0.5
3697.5,55,0.5
3698.0,54,0.5
3698.5,53,0.5
3699.0,54,0.5
3699.5,55,0.5
3700.0,57,0.5
3700.5,58,0.5
3701.0,58,0.5
3701.5,57,0.5
3702.0,55,0.5
3702.5,57,0.5
3703.0,59,0.5
3703.5,59,0.5
3704.0,60,0.5
3704.5,62,0.5
3705.0,62,0.5
3705.5,62,0.5
3706.0,63,0.5
3706.5,64,0.5
3707.0,66,0.5
3707.5,67,0.5
3708.0,65,0.5
3708.5,65,0.5
3709.0,66,0.5
3709.5,66,0.5
3710.0,67,0.5
3710.5,67,0.5
3711.0,66,0.5
3711.5,67,0.5
3712.0,65,0.5
3712.5,67,0.5
3713.0,66,0.5
3713.5,67,0.5
3714.0,69,0.5
3714.5,68,0.5
3715.0,68,0.5
3715.5,68,0.5
3716.0,68,0.5
3716.5,68,0.5
3717.0,66,0.5
3717.5,68,0.5
3718.0,68,0.5
3718.5,67,0.5
3719.0,65,0.5
3719.5,65,0.5
3720.0,64,0.5
3720.5,63,0.5
3721.0,62,0.5
3721.5,60,0.5
3722.0,58,0.5
3722.5,57,0.5
3723.0,57,0.5
3723.5,57,0.5
3724.0,57,0.5
3724.5,56,0.5
3725.0,54,0.5
3725.5,54,0.5
3726.0,56,0.5
3726.5,57,0.5
3727.0,58,0.5
3727.5,58,0.5
3728.0,59,0.5
3728.5,59,0.5
3729.0,57,0.5
3729.5,55,0.5
3730.0,54,0.5
3730.5,55,0.5
3731.0,53,0.5
3731.5,51,0.5
3732.0,52,0.5
3732.5,54,0.5
3733.0,55,0.5
3733.5,55,0.5
3734.0,55,0.5
3734.5,55,0.5
3735.0,54,0.5
3735.5,53,0.5
3736.0,51,0.5
3736.5,49,0.5
3737.0,49,0.5
3737.5,49,0.5
3738.0,50,0.5
3738.5,51,0.5
3739.0,51,0.5
3739.5,53,0.5
3740.0,55,0.5
3740.5,56,0.5
3741.0,54,0.5
3741.5,52,0.5
3742.0,53,0.5
3742.5,54,0.5
3743.0,56,0.5
3743.5,57,0.5
3744.0,58,0.5
3744.5,56,0.5
3745.0,58,0.5
3745.5,59,0.5
3746.0,58,0.5
3746.5,56,0.5
3747.0,58,0.5
3747.5,58,0.5
3748.0,58,0.5
3748.5,60,0.5
3749.0,59,0.5
3749.5,59,0.5
3750.0,60,0.5
3750.5,60,0.5
3751.0,61,0.5
3751.5,61,0.5
3752.0,63,0.5
3752.5,65,0.5
3753.0,67,0.5
3753.5,65,0.5
3754.0,64,0.5
3754.5,63,0.5
3755.0,63,0.5
3755.5,65,0.5
3756.0,67,0.5
3756.5,68,0.5
3757.0,66,0.5
3757.5,65,0.5
3758.0,66,0.5
3758.5,64,0.5
3759.0,62,0.5
3759.5,60,0.5
3760.0,60,0.5
3760.5,58,0.5
3761.0,56,0.5
3761.5,55,0.5
3762.0,57,0.5
3762.5,59,0.5
3763.0,59,0.5
3763.5,60,0.5
3764.0,59,0.5
3764.5,60,0.5
3765.0,58,0.5
3765.5,60,0.5
3766.0,58,0.5
3766.5,57,0.5
3767.0,59,0.5
3767.5,60,0.5
3768.0,61,0.5
3768.5,61,0.5
3769.0,61,0.5
3769.5,63,0.5
3770.0,62,0.5
3770.5,62,0.5
3771.0,61,0.5
3771.5,62,0.5
3772.0,64,0.5
3772.5,64,0.5
3773.0,64,0.5
3773.5,65,0.5
3774.0,67,0.5
3774.5,66,0.5
3775.0,65,0.5
3775.5,64,0.5
3776.0,64,0.5
3776.5,65,0.5
3777.0,65,0.5
3777.5,67,0.5
3778.0,68,0.5
3778.5,67,0.5
3779.0,66,0.5
3779.5,66,0.5
3780.0,67,0.5
3780.5,67,0.5
3781.0,69,0.5
3781.5,67,0.5
3782.0,68,0.5
3782.5,69,0.5
3783.0,67,0.5
3783.5,69,0.5
3784.0,69,0.5
3784.5,70,0.5
3785.0,72,0.5
3785.5,73,0.5
3786.0,74,0.5
3786.5,72,0.5
3787.0,72,0.5
3787.5,71,0.5
3788.0,71,0.5
3788.5,73,0.5
3789.0,73,0.5
3789.5,75,0.5
3790.0,76,0.5
3790.5,78,0.5
3791.0,80,0.5
3791.5,81,0.5
3792.0,81,0.5
3792.5,79,0.5
3793.0,77,0.5
3793.5,76,0.5
3794.0,77,0.5
3794.5,76,0.5
3795.0,76,0.5
3795.5,74,0.5
3796.0,72,0.5
3796.5,74,0.5
3797.0,75,0.5
3797.5,74,0.5
3798.0,76,0.5
3798.5,76,0.5
3799.0,74,0.5
3799.5,72,0.5
3800.0,73,0.5
3800.5,71,0.5
3801.0,73,0.5
3801.5,74,0.5
3802.0,73,0.5
3802.5,73,0.5
3803.0,71,0.5
3803.5,69,0.5
3804.0,69,0.5
3804.5,70,0.5
3805.0,69,0.5
3805.5,71,0.5
3806.0,71,0.5
3806.5,73,0.5
3807.0,72,0.5
3807.5,73,0.5
3808.0,72,0.5
3808.5,73,0.5
3809.0,71,0.5
3809.5,71,0.5
3810.0,72,0.5
3810.5,71,0.5
3811.0,72,0.5
3811.5,70,0.5
3812.0,69,0.5
3812.5,69,0.5
3813.0,67,0.5
3813.5,65,0.5
3814.0,64,0.5
3814.5,63,0.5
3815.0,62,0.5
3815.5,61,0.5
3816.0,63,0.5
3816.5,65,0.5
3817.0,67,0.5
3817.5,66,0.5
3818.0,65,0.5
3818.5,67,0.5
3819.0,68,0.5
3819.5,69,0.5
3820.0,70,0.5
3820.5,69,0.5
3821.0,67,0.5
3821.5,69,0.5
3822.0,69,0.5
3822.5,68,0.5
3823.0,70,0.5
3823.5,69,0.5
3824.0,70,0.5
3824.5,68,0.5
3825.0,69,0.5
3825.5,68,0.5
3826.0,70,0.5
3826.5,72,0.5
3827.0,71,0.5
3827.5,73,0.5
3828.0,74,0.5
3828.5,72,0.5
3829.0,70,0.5
3829.5,70,0.5
3830.0,69,0.5
3830.5,70,0.5
3831.0,71,0.5
3831.5,71,0.5
3832.0,69,0.5
3832.5,68,0.5
3833.0,68,0.5
3833.5,68,0.5
3834.0,68,0.5
3834.5,69,0.5
3835.0,71,0.5
3835.5,71,0.5
3836.0,69,0.5
3836.5,70,0.5
3837.0,69,0.5
3837.5,68,0.5
3838.0,68,0.5
3838.5,68,0.5
3839.0,69,0.5
3839.5,70,0.5
3840.0,69,0.5
3840.5,69,0.5
3841.0,71,0.5
3841.5,71,0.5
3842.0,70,0.5
3842.5,69,0.5
3843.0,68,0.5
3843.5,68,0.5
3844.0,69,0.5
3844.5,68,0.5
3845.0,68,0.5
3845.5,67,0.5
3846.0,68,0.5
3846.5,68,0.5
3847.0,70,0.5
3847.5,68,0.5
3848.0,70,0.5
3848.5,69,0.5
3849.0,68,0.5
3849.5,70,0.5
3850.0,71,0.5
3850.5,73,0.5
3851.0,75,0.5
3851.5,76,0.5
3852.0,77,0.5
3852.5,76,0.5
3853.0,77,0.5
3853.5,77,0.5
3854.0,75,0.5
3854.5,73,0.5
3855.0,74,0.5
3855.5,75,0.5
3856.0,77,0.5
3856.5,75,0.5
3857.0,77,0.5
3857.5,77,0.5
3858.0,76,0.5
3858.5,76,0.5
3859.0,75,0.5
3859.5,77,0.5
3860.0,79,0.5
3860.5,77,0.5
3861.0,75,0.5
3861.5,77,0.5
3862.0,76,0.5
3862.5,74,0.5
3863.0,73,0.5
3863.5,72,0.5
3864.0,74,0.5
3864.5,72,0.5
3865.0,74,0.5
3865.5,74,0.5
3866.0,72,0.5
3866.5,74,0.5
3867.0,75,0.5
3867.5,77,0.5
3868.0,75,0.5
3868.5,75,0.5
3869.0,76,0.5
3869.5,78,0.5
3870.0,77,0.5
3870.5,79,0.5
3871.0,79,0.5
3871.5,81,0.5
3872.0,82,0.5
3872.5,82,0.5
3873.0,80,0.5
3873.5,80,0.5
3874.0,82,0.5
3874.5,80,0.5
3875.0,79,0.5
3875.5,81,0.5
3876.0,82,0.5
3876.5,82,0.5
3877.0,80,0.5
3877.5,78,0.5
3878.0,79,0.5
3878.5,78,0.5
3879.0,76,0.5
3879.5,74,0.5
3880.0,74,0.5
3880.5,74,0.5
3881.0,73,0.5
3881.5,75,0.5
3882.0,74,0.5
3882.5,73,0.5
3883.0,74,0.5
3883.5,76,0.5
3884.0,75,0.5
3884.5,75,0.5
3885.0,73,0.5
3885.5,72,0.5
3886.0,71,0.5
3886.5,69,0.5
3887.0,68,0.5
3887.5,70,0.5
3888.0,68,0.5
3888.5,66,0.5
3889.0,65,0.5
3889.5,64,0.5
3890.0,66,0.5
3890.5,67,0.5
3891.0,65,0.5
3891.5,63,0.5
3892.0,64,0.5
3892.5,66,0.5
3893.0,65,0.5
3893.5,63,0.5
3894.0,64,0.5
3894.5,64,0.5
3895.0,63,0.5
3895.5,64,0.5
3896.0,63,0.5
3896.5,64,0.5
3897.0,66,0.5
3897.5,64,0.5
3898.0,66,0.5
3898.5,67,0.5
3899.0,66,0.5
3899.5,68,0.5
3900.0,70,0.5
3900.5,72,0.5
3901.0,70,0.5
3901.5,70,0.5
3902.0,69,0.5
3902.5,70,0.5
3903.0,71,0.5
3903.5,70,0.5
3904.0,68,0.5
3904.5,66,0.5
3905.0,65,0.5
3905.5,64,0.5
3906.0,64,0.5
3906.5,63,0.5
3907.0,63,0.5
3907.5,61,0.5
3908.0,61,0.5
3908.5,63,0.5
3909.0,65,0.5
3909.5,64,0.5
3910.0,66,0.5
3910.5,65,0.5
3911.0,67,0.5
3911.5,65,0.5
3912.0,67,0.5
3912.5,68,0.5
3913.0,67,0.5
3913.5,68,0.5
3914.0,69,0.5
3914.5,71,0.5
3915.0,73,0.5
3915.5,74,0.5
3916.0,73,0.5
3916.5,73,0.5
3917.0,75,0.5
3917.5,74,0.5
3918.0,75,0.5
3918.5,75,0.5
3919.0,74,0.5
3919.5,73,0.5
3920.0,71,0.5
3920.5,73,0.5
3921.0,73,0.5
3921.5,73,0.5
3922.0,73,0.5
3922.5,71,0.5
3923.0,73,0.5
3923.5,72,0.5
3924.0,74,0.5
3924.5,76,0.5
3925.0,74,0.5
3925.5,75,0.5
3926.0,74,0.5
3926.5,75,0.5
3927.0,77,0.5
3927.5,78,0.5
3928.0,76,0.5
3928.5,74,0.5
3929.0,74,0.5
3929.5,76,0.5
3930.0,74,0.5
3930.5,73,0.5
3931.0,74,0.5
3931.5,75,0.5
3932.0,75,0.5
3932.5,74,0.5
3933.0,72,0.5
3933.5,72,0.5
3934.0,71,0.5
3934.5,72,0.5
3935.0,73,0.5
3935.5,73,0.5
3936.0,74,0.5
3936.5,74,0.5
3937.0,75,0.5
3937.5,76,0.5
3938.0,78,0.5
3938.5,79,0.5
3939.0,78,0.5
3939.5,80,0.5
3940.0,80,0.5
3940.5,79,0.5
3941.0,80,0.5
3941.5,78,0.5
3942.0,79,0.5
3942.5,77,0.5
3943.0,76,0.5
3943.5,75,0.5
3944.0,74,0.5
3944.5,72,0.5
3945.0,74,0.5
3945.5,73,0.5
3946.0,75,0.5
3946.5,77,0.5
3947.0,78,0.5
3947.5,78,0.5
3948.0,78,0.5
3948.5,79,0.5
3949.0,78,0.5
3949.5,76,0.5
3950.0,77,0.5
3950.5,79,0.5
3951.0,79,0.5
3951.5,78,0.5
3952.0,77,0.5
3952.5,76,0.5
3953.0,74,0.5
3953.5,74,0.5
3954.0,73,0.5
3954.5,75,0.5
3955.0,74,0.5
3955.5,73,0.5
3956.0,71,0.5
3956.5,72,0.5
3957.0,70,0.5
3957.5,72,0.5
3958.0,70,0.5
3958.5,69,0.5
3959.0,69,0.5
3959.5,69,0.5
3960.0,70,0.5
3960.5,69,0.5
3961.0,67,0.5
3961.5,66,0.5
3962.0,67,0.5
3962.5,69,0.5
3963.0,70,0.5
3963.5,69,0.5
3964.0,69,0.5
3964.5,69,0.5
3965.0,68,0.5
3965.5,68,0.5
3966.0,70,0.5
3966.5,72,0.5
3967.0,71,0.5
3967.5,73,0.5
3968.0,75,0.5
3968.5,77,0.5
3969.0,77,0.5
3969.5,76,0.5
3970.0,75,0.5
3970.5,76,0.5
3971.0,74,0.5
3971.5,76,0.5
3972.0,78,0.5
3972.5,79,0.5
3973.0,81,0.5
3973.5,83,0.5
3974.0,81,0.5
3974.5,79,0.5
3975.0,77,0.5
3975.5,76,0.5
3976.0,78,0.5
3976.5,78,0.5
3977.0,76,0.5
3977.5,78,0.5
3978.0,80,0.5
3978.5,79,0.5
3979.0,81,0.5
3979.5,82,0.5
3980.0,80,0.5
3980.5,79,0.5
3981.0,81,0.5
3981.5,80,0.5
3982.0,82,0.5
3982.5,84,0.5
3983.0,86,0.5
3983.5,85,0.5
3984.0,87,0.5
3984.5,87,0.5
3985.0,86,0.5
3985.5,87,0.5
3986.0,85,0.5
3986.5,86,0.5
3987.0,84,0.5
3987.5,82,0.5
3988.0,84,0.5
3988.5,84,0.5
3989.0,82,0.5
3989.5,82,0.5
3990.0,82,0.5
3990.5,83,0.5
3991.0,82,0.5
3991.5,81,0.5
3992.0,81,0.5
3992.5,80,0.5
3993.0,78,0.5
3993.5,76,0.5
3994.0,74,0.5
3994.5,72,0.5
3995.0,74,0.5
3995.5,74,0.5
3996.0,75,0.5
3996.5,74,0.5
3997.0,74,0.5
3997.5,74,0.5
3998.0,74,0.5
3998.5,74,0.5
3999.0,72,0.5
3999.5,71,0.5
4000.0,71,0.5
4000.5,71,0.5
4001.0,71,0.5
4001.5,69,0.5
4002.0,69,0.5
4002.5,71,0.5
4003.0,70,0.5
4003.5,70,0.5
4004.0,68,0.5
4004.5,68,0.5
4005.0,68,0.5
4005.5,69,0.5
4006.0,68,0.5
4006.5,69,0.5
4007.0,70,0.5
4007.5,72,0.5
4008.0,73,0.5
4008.5,72,0.5
4009.0,70,0.5
4009.5,71,0.5
4010.0,72,0.5
4010.5,74,0.5
4011.0,75,0.5
4011.5,76,0.5
4012.0,75,0.5
4012.5,76,0.5
4013.0,77,0.5
4013.5,77,0.5
4014.0,77,0.5
4014.5,78,0.5
4015.0,78,0.5
4015.5,80,0.5
4016.0,78,0.5
4016.5,78,0.5
4017.0,80,0.5
4017.5,81,0.5
4018.0,79,0.5
4018.5,79,0.5
4019.0,81,0.5
4019.5,82,0.5
4020.0,83,0.5
4020.5,83,0.5
4021.0,85,0.5
4021.5,83,0.5
4022.0,82,0.5
4022.5,84,0.5
4023.0,83,0.5
4023.5,84,0.5
4024.0,86,0.5
4024.5,88,0.5
4025.0,86,0.5
4025.5,87,0.5
4026.0,87,0.5
4026.5,86,0.5
4027.0,87,0.5
4027.5,88,0.5
4028.0,88,0.5
4028.5,88,0.5
4029.0,89,0.5
4029.5,87,0.5
4030.0,87,0.5
4030.5,85,0.5
4031.0,84,0.5
4031.5,83,0.5
4032.0,82,0.5
4032.5,83,0.5
4033.0,82,0.5
4033.5,82,0.5
4034.0,80,0.5
4034.5,82,0.5
4035.0,82,0.5
4035.5,82,0.5
4036.0,80,0.5
4036.5,80,0.5
4037.0,81,0.5
4037.5,82,0.5
4038.0,83,0.5
4038.5,82,0.5
4039.0,82,0.5
4039.5,80,0.5
4040.0,81,0.5
4040.5,82,0.5
4041.0,81,0.5
4041.5,82,0.5
4042.0,81,0.5
4042.5,82,0.5
4043.0,82,0.5
4043.5,81,0.5
4044.0,81,0.5
4044.5,79,0.5
4045.0,77,0.5
4045.5,76,0.5
4046.0,76,0.5
4046.5,75,0.5
4047.0,76,0.5
4047.5,75,0.5
4048.0,75,0.5
4048.5,75,0.5
4049.0,73,0.5
4049.5,75,0.5
4050.0,73,0.5
4050.5,71,0.5
4051.0,70,0.5
4051.5,70,0.5
4052.0,69,0.5
4052.5,68,0.5
4053.0,68,0.5
4053.5,66,0.5
4054.0,66,0.5
4054.5,68,0.5
4055.0,66,0.5
4055.5,64,0.5
4056.0,66,0.5
4056.5,64,0.5
4057.0,66,0.5
4057.5,64,0.5
4058.0,62,0.5
4058.5,63,0.5
4059.0,61,0.5
4059.5,61,0.5
4060.0,62,0.5
4060.5,60,0.5
4061.0,60,0.5
4061.5,58,0.5
4062.0,60,0.5
4062.5,61,0.5
4063.0,62,0.5
4063.5,63,0.5
4064.0,61,0.5
4064.5,59,0.5
4065.0,60,0.5
4065.5,61,0.5
4066.0,59,0.5
4066.5,57,0.5
4067.0,58,0.5
4067.5,57,0.5
4068.0,58,0.5
4068.5,56,0.5
4069.0,58,0.5
4069.5,56,0.5
4070.0,56,0.5
4070.5,56,0.5
4071.0,58,0.5
4071.5,58,0.5
4072.0,56,0.5
4072.5,55,0.5
4073.0,55,0.5
4073.5,54,0.5
4074.0,53,0.5
4074.5,52,0.5
4075.0,54,0.5
4075.5,53,0.5
4076.0,53,0.5
4076.5,53,0.5
4077.0,55,0.5
4077.5,56,0.5
4078.0,54,0.5
4078.5,52,0.5
4079.0,53,0.5
4079.5,51,0.5
4080.0,50,0.5
4080.5,51,0.5
4081.0,52,0.5
4081.5,52,0.5
4082.0,53,0.5
4082.5,52,0.5
4083.0,53,0.5
4083.5,55,0.5
4084.0,55,0.5
4084.5,57,0.5
4085.0,56,0.5
4085.5,58,0.5
4086.0,57,0.5
4086.5,57,0.5
4087.0,57,0.5
4087.5,58,0.5
4088.0,56,0.5
4088.5,54,0.5
4089.0,54,0.5
4089.5,55,0.5
4090.0,55,0.5
4090.5,53,0.5
4091.0,51,0.5
4091.5,51,0.5
4092.0,51,0.5
4092.5,52,0.5
4093.0,53,0.5
4093.5,55,0.5
4094.0,54,0.5
4094.5,56,0.5
4095.0,55,0.5
4095.5,57,0.5
4096.0,57,0.5
4096.5,57,0.5
4097.0,56,0.5
4097.5,58,0.5
4098.0,58,0.5
4098.5,60,0.5
4099.0,62,0.5
4099.5,62,0.5
4100.0,64,0.5
4100.5,66,0.5
4101.0,67,0.5
4101.5,65,0.5
4102.0,63,0.5
4102.5,63,0.5
4103.0,63,0.5
4103.5,61,0.5
4104.0,62,0.5
4104.5,63,0.5
4105.0,63,0.5
4105.5,62,0.5
4106.0,61,0.5
4106.5,61,0.5
4107.0,60,0.5
4107.5,60,0.5
4108.0,58,0.5
4108.5,60,0.5
4109.0,61,0.5
4109.5,59,0.5
4110.0,61,0.5
4110.5,63,0.5
4111.0,65,0.5
4111.5,66,0.5
4112.0,68,0.5
4112.5,67,0.5
4113.0,66,0.5
4113.5,67,0.5
4114.0,69,0.5
4114.5,67,0.5
4115.0,65,0.5
4115.5,63,0.5
4116.0,65,0.5
4116.5,64,0.5
4117.0,65,0.5
4117.5,66,0.5
4118.0,66,0.5
4118.5,64,0.5
4119.0,63,0.5
4119.5,65,0.5
4120.0,66,0.5
4120.5,64,0.5
4121.0,64,0.5
4121.5,62,0.5
4122.0,60,0.5
4122.5,59,0.5
4123.0,58,0.5
4123.5,59,0.5
4124.0,57,0.5
4124.5,58,0.5
4125.0,58,0.5
4125.5,57,0.5
4126.0,59,0.5
4126.5,57,0.5
4127.0,57,0.5
4127.5,55,0.5
4128.0,53,0.5
4128.5,55,0.5
4129.0,53,0.5
4129.5,51,0.5
4130.0,50,0.5
4130.5,51,0.5
4131.0,50,0.5
4131.5,51,0.5
4132.0,51,0.5
4132.5,52,0.5
4133.0,50,0.5
4133.5,49,0.5
4134.0,51,0.5
4134.5,53,0.5
4135.0,54,0.5
4135.5,56,0.5
4136.0,58,0.5
4136.5,59,0.5
4137.0,60,0.5
4137.5,62,0.5
4138.0,63,0.5
4138.5,61,0.5
4139.0,59,0.5
4139.5,59,0.5
4140.0,58,0.5
4140.5,56,0.5
4141.0,54,0.5
4141.5,52,0.5
4142.0,52,0.5
4142.5,54,0.5
4143.0,56,0.5
4143.5,55,0.5
4144.0,57,0.5
4144.5,56,0.5
4145.0,54,0.5
4145.5,52,0.5
4146.0,52,0.5
4146.5,54,0.5
4147.0,52,0.5
4147.5,53,0.5
4148.0,53,0.5
4148.5,53,0.5
4149.0,53,0.5
4149.5,55,0.5
4150.0,55,0.5
4150.5,55,0.5
4151.0,56,0.5
4151.5,58,0.5
4152.0,60,0.5
4152.5,58,0.5
4153.0,57,0.5
4153.5,57,0.5
4154.0,59,0.5
4154.5,61,0.5
4155.0,60,0.5
4155.5,62,0.5
4156.0,64,0.5
4156.5,65,0.5
4157.0,63,0.5
4157.5,63,0.5
4158.0,61,0.5
4158.5,63,0.5
4159.0,65,0.5
4159.5,64,0.5
4160.0,62,0.5
4160.5,60,0.5
4161.0,59,0.5
4161.5,58,0.5
4162.0,57,0.5
4162.5,55,0.5
4163.0,57,0.5
4163.5,55,0.5
4164.0,53,0.5
4164.5,51,0.5
4165.0,52,0.5
4165.5,54,0.5
4166.0,56,0.5
4166.5,56,0.5
4167.0,55,0.5
4167.5,54,0.5
4168.0,55,0.5
4168.5,56,0.5
4169.0,57,0.5
4169.5,58,0.5
4170.0,59,0.5
4170.5,61,0.5
4171.0,59,0.5
4171.5,60,0.5
4172.0,58,0.5
4172.5,60,0.5
4173.0,60,0.5
4173.5,59,0.5
4174.0,60,0.5
4174.5,58,0.5
4175.0,59,0.5
4175.5,59,0.5
4176.0,61,0.5
4176.5,61,0.5
4177.0,59,0.5
4177.5,58,0.5
4178.0,58,0.5
4178.5,60,0.5
4179.0,62,0.5
4179.5,64,0.5
4180.0,62,0.5
4180.5,63,0.5
4181.0,65,0.5
4181.5,64,0.5
4182.0,62,0.5
4182.5,60,0.5
4183.0,62,0.5
4183.5,63,0.5
4184.0,61,0.5
4184.5,62,0.5
4185.0,64,0.5
4185.5,65,0.5
4186.0,67,0.5
4186.5,67,0.5
4187.0,66,0.5
4187.5,64,0.5
4188.0,66,0.5
4188.5,64,0.5
4189.0,62,0.5
4189.5,62,0.5
4190.0,60,0.5
4190.5,60,0.5
4191.0,58,0.5
4191.5,57,0.5
4192.0,55,0.5
4192.5,55,0.5
4193.0,53,0.5
4193.5,51,0.5
4194.0,49,0.5
4194.5,48,0.5
4195.0,46,0.5
4195.5,46,0.5
4196.0,46,0.5
4196.5,44,0.5
4197.0,43,0.5
4197.5,45,0.5
4198.0,45,0.5
4198.5,47,0.5
4199.0,47,0.5
4199.5,49,0.5
4200.0,48,0.5
4200.5,49,0.5
4201.0,50,0.5
4201.5,51,0.5
4202.0,49,0.5
4202.5,47,0.5
4203.0,46,0.5
4203.5,45,0.5
4204.0,45,0.5
4204.5,45,0.5
4205.0,44,0.5
4205.5,44,0.5
4206.0,42,0.5
4206.5,40,0.5
4207.0,41,0.5
4207.5,40,0.5
4208.0,42,0.5
4208.5,41,0.5
4209.0,40,0.5
4209.5,39,0.5
4210.0,41,0.5
4210.5,42,0.5
4211.0,42,0.5
4211.5,41,0.5
4212.0,42,0.5
4212.5,44,0.5
4213.0,42,0.5
4213.5,44,0.5
4214.0,46,0.5
4214.5,45,0.5
4215.0,44,0.5
4215.5,45,0.5
4216.0,46,0.5
4216.5,44,0.5
4217.0,42,0.5
4217.5,42,0.5
4218.0,44,0.5
4218.5,42,0.5
4219.0,40,0.5
4219.5,41,0.5
4220.0,39,0.5
4220.5,40,0.5
4221.0,40,0.5
4221.5,41,0.5
4222.0,43,0.5
4222.5,41,0.5
4223.0,39,0.5
4223.5,37,0.5
4224.0,39,0.5
4224.5,38,0.5
4225.0,39,0.5
4225.5,37,0.5
4226.0,36,0.5
4226.5,36,0.5
4227.0,35,0.5
4227.5,33,0.5
4228.0,31,0.5
4228.5,29,0.5
4229.0,31,0.5
4229.5,33,0.5
4230.0,35,0.5
4230.5,36,0.5
4231.0,37,0.5
4231.5,39,0.5
4232.0,39,0.5
4232.5,41,0.5
4233.0,39,0.5
4233.5,37,0.5
4234.0,39,0.5
4234.5,41,0.5
4235.0,40,0.5
4235.5,42,0.5
4236.0,42,0.5
4236.5,42,0.5
4237.0,40,0.5
4237.5,40,0.5
4238.0,41,0.5
4238.5,41,0.5
4239.0,41,0.5
4239.5,40,0.5
4240.0,41,0.5
4240.5,42,0.5
4241.0,44,0.5
4241.5,42,0.5
4242.0,43,0.5
4242.5,42,0.5
4243.0,44,0.5
4243.5,42,0.5
4244.0,43,0.5
4244.5,42,0.5
4245.0,44,0.5
4245.5,46,0.5
4246.0,45,0.5
4246.5,46,0.5
4247.0,44,0.5
4247.5,46,0.5
4248.0,47,0.5
4248.5,46,0.5
4249.0,47,0.5
4249.5,48,0.5
4250.0,46,0.5
4250.5,48,0.5
4251.0,49,0.5
4251.5,49,0.5
4252.0,47,0.5
4252.5,47,0.5
4253.0,47,0.5
4253.5,46,0.5
4254.0,46,0.5
4254.5,48,0.5
4255.0,50,0.5
4255.5,48,0.5
4256.0,47,0.5
4256.5,45,0.5
4257.0,46,0.5
4257.5,46,0.5
4258.0,48,0.5
4258.5,48,0.5
4259.0,50,0.5
4259.5,51,0.5
4260.0,50,0.5
4260.5,51,0.5
4261.0,51,0.5
4261.5,50,0.5
4262.0,52,0.5
4262.5,51,0.5
4263.0,49,0.5
4263.5,51,0.5
4264.0,51,0.5
4264.5,51,0.5
4265.0,50,0.5
4265.5,51,0.5
4266.0,51,0.5
4266.5,49,0.5
4267.0,49,0.5
4267.5,47,0.5
4268.0,45,0.5
4268.5,44,0.5
4269.0,42,0.5
4269.5,41,0.5
4270.0,40,0.5
4270.5,39,0.5
4271.0,37,0.5
4271.5,39,0.5
4272.0,38,0.5
4272.5,39,0.5
4273.0,41,0.5
4273.5,40,0.5
4274.0,40,0.5
4274.5,39,0.5
4275.0,40,0.5
4275.5,38,0.5
4276.0,38,0.5
4276.5,37,0.5
4277.0,38,0.5
4277.5,36,0.5
4278.0,36,0.5
4278.5,34,0.5
4279.0,36,0.5
4279.5,36,0.5
4280.0,38,0.5
4280.5,40,0.5
4281.0,38,0.5
4281.5,38,0.5
4282.0,37,0.5
4282.5,36,0.5
4283.0,36,0.5
4283.5,38,0.5
4284.0,38,0.5
4284.5,39,0.5
4285.0,40,0.5
4285.5,38,0.5
4286.0,39,0.5
4286.5,37,0.5
4287.0,37,0.5
4287.5,36,0.5
4288.0,38,0.5
4288.5,38,0.5
4289.0,37,0.5
4289.5,36,0.5
4290.0,35,0.5
4290.5,33,0.5
4291.0,35,0.5
4291.5,36,0.5
4292.0,38,0.5
4292.5,40,0.5
4293.0,38,0.5
4293.5,39,0.5
4294.0,38,0.5
4294.5,36,0.5
4295.0,38,0.5
4295.5,40,0.5
4296.0,40,0.5
4296.5,38,0.5
4297.0,37,0.5
4297.5,37,0.5
4298.0,35,0.5
4298.5,34,0.5
4299.0,35,0.5
4299.5,36,0.5
4300.0,34,0.5
4300.5,35,0.5
4301.0,34,0.5
4301.5,32,0.5
4302.0,32,0.5
4302.5,33,0.5
4303.0,35,0.5
4303.5,37,0.5
4304.0,36,0.5
4304.5,34,0.5
4305.0,34,0.5
4305.5,35,0.5
4306.0,37,0.5
4306.5,39,0.5
4307.0,41,0.5
4307.5,43,0.5
4308.0,43,0.5
4308.5,41,0.5
4309.0,41,0.5
4309.5,43,0.5
4310.0,41,0.5
4310.5,39,0.5
4311.0,41,0.5
4311.5,41,0.5
4312.0,43,0.5
4312.5,42,0.5
4313.0,42,0.5
4313.5,43,0.5
4314.0,42,0.5
4314.5,41,0.5
4315.0,40,0.5
4315.5,40,0.5
4316.0,41,0.5
4316.5,40,0.5
4317.0,38,0.5
4317.5,37,0.5
4318.0,37,0.5
4318.5,37,0.5
4319.0,37,0.5
4319.5,37,0.5
4320.0,35,0.5
4320.5,35,0.5
4321.0,36,0.5
4321.5,37,0.5
4322.0,38,0.5
4322.5,37,0.5
4323.0,39,0.5
4323.5,40,0.5
4324.0,41,0.5
4324.5,40,0.5
4325.0,38,0.5
4325.5,38,0.5
4326.0,37,0.5
4326.5,38,0.5
4327.0,38,0.5
4327.5,39,0.5
4328.0,39,0.5
4328.5,41,0.5
4329.0,40,0.5
4329.5,39,0.5
4330.0,40,0.5
4330.5,42,0.5
4331.0,41,0.5
4331.5,40,0.5
4332.0,39,0.5
4332.5,41,0.5
4333.0,40,0.5
4333.5,38,0.5
4334.0,36,0.5
4334.5,36,0.5
4335.0,35,0.5
4335.5,33,0.5
4336.0,33,0.5
4336.5,33,0.5
4337.0,33,0.5
4337.5,32,0.5
4338.0,30,0.5
4338.5,29,0.5
4339.0,31,0.5
4339.5,29,0.5
4340.0,28,0.5
4340.5,26,0.5
4341.0,25,0.5
4341.5,26,0.5
4342.0,26,0.5
4342.5,28,0.5
4343.0,30,0.5
4343.5,30,0.5
4344.0,28,0.5
4344.5,26,0.5
4345.0,27,0.5
4345.5,26,0.5
4346.0,28,0.5
4346.5,29,0.5
4347.0,28,0.5
4347.5,29,0.5
4348.0,30,0.5
4348.5,30,0.5
4349.0,29,0.5
4349.5,28,0.5
4350.0,28,0.5
4350.5,27,0.5
4351.0,25,0.5
4351.5,27,0.5
4352.0,29,0.5
4352.5,31,0.5
4353.0,33,0.5
4353.5,32,0.5
4354.0,34,0.5
4354.5,36,0.5
4355.0,35,0.5
4355.5,33,0.5
4356.0,34,0.5
4356.5,33,0.5
4357.0,32,0.5
4357.5,33,0.5
4358.0,35,0.5
4358.5,37,0.5
4359.0,37,0.5
4359.5,36,0.5
4360.0,38,0.5
4360.5,36,0.5
4361.0,38,0.5
4361.5,37,0.5
4362.0,38,0.5
4362.5,39,0.5
4363.0,38,0.5
4363.5,36,0.5
4364.0,35,0.5
4364.5,33,0.5
4365.0,35,0.5
4365.5,36,0.5
4366.0,34,0.5
4366.5,36,0.5
4367.0,38,0.5
4367.5,37,0.5
4368.0,36,0.5
4368.5,35,0.5
4369.0,33,0.5
4369.5,31,0.5
4370.0,29,0.5
4370.5,28,0.5
4371.0,29,0.5
4371.5,27,0.5
4372.0,27,0.5
4372.5,28,0.5
4373.0,29,0.5
4373.5,30,0.5
4374.0,29,0.5
4374.5,31,0.5
4375.0,32,0.5
4375.5,30,0.5
4376.0,31,0.5
4376.5,33,0.5
4377.0,35,0.5
4377.5,37,0.5
4378.0,37,0.5
4378.5,36,0.5
4379.0,37,0.5
4379.5,38,0.5
4380.0,40,0.5
4380.5,40,0.5
4381.0,40,0.5
4381.5,38,0.5
4382.0,40,0.5
4382.5,41,0.5
4383.0,43,0.5
4383.5,42,0.5
4384.0,42,0.5
4384.5,44,0.5
4385.0,46,0.5
4385.5,47,0.5
4386.0,49,0.5
4386.5,50,0.5
4387.0,50,0.5
4387.5,52,0.5
4388.0,54,0.5
4388.5,52,0.5
4389.0,51,0.5
4389.5,50,0.5
4390.0,51,0.5
4390.5,51,0.5
4391.0,51,0.5
4391.5,51,0.5
4392.0,51,0.5
4392.5,49,0.5
4393.0,47,0.5
4393.5,47,0.5
4394.0,49,0.5
4394.5,47,0.5
4395.0,48,0.5
4395.5,50,0.5
4396.0,51,0.5
4396.5,49,0.5
4397.0,48,0.5
4397.5,48,0.5
4398.0,49,0.5
4398.5,50,0.5
4399.0,52,0.5
4399.5,54,0.5
4400.0,54,0.5
4400.5,54,0.5
4401.0,55,0.5
4401.5,53,0.5
4402.0,52,0.5
4402.5,50,0.5
4403.0,49,0.5
4403.5,51,0.5
4404.0,53,0.5
4404.5,55,0.5
4405.0,54,0.5
4405.5,56,0.5
4406.0,55,0.5
4406.5,53,0.5
4407.0,52,0.5
4407.5,51,0.5
4408.0,51,0.5
4408.5,51,0.5
4409.0,51,0.5
4409.5,53,0.5
4410.0,54,0.5
4410.5,56,0.5
4411.0,58,0.5
4411.5,57,0.5
4412.0,59,0.5
4412.5,61,0.5
4413.0,60,0.5
4413.5,62,0.5
4414.0,62,0.5
4414.5,62,0.5
4415.0,61,0.5
4415.5,63,0.5
4416.0,65,0.5
4416.5,66,0.5
4417.0,67,0.5
4417.5,65,0.5
4418.0,67,0.5
4418.5,66,0.5
4419.0,68,0.5
4419.5,69,0.5
4420.0,68,0.5
4420.5,68,0.5
4421.0,67,0.5
4421.5,69,0.5
4422.0,70,0.5
4422.5,69,0.5
4423.0,70,0.5
4423.5,70,0.5
4424.0,70,0.5
4424.5,69,0.5
4425.0,67,0.5
4425.5,65,0.5
4426.0,66,0.5
4426.5,64,0.5
4427.0,62,0.5
4427.5,61,0.5
4428.0,63,0.5
4428.5,65,0.5
4429.0,63,0.5
4429.5,62,0.5
4430.0,60,0.5
4430.5,60,0.5
4431.0,61,0.5
4431.5,60,0.5
4432.0,60,0.5
4432.5,60,0.5
4433.0,60,0.5
4433.5,58,0.5
4434.0,60,0.5
4434.5,61,0.5
4435.0,62,0.5
4435.5,62,0.5
4436.0,60,0.5
4436.5,59,0.5
4437.0,60,0.5
4437.5,60,0.5
4438.0,59,0.5
4438.5,57,0.5
4439.0,55,0.5
4439.5,54,0.5
4440.0,52,0.5
4440.5,53,0.5
4441.0,54,0.5
4441.5,54,0.5
4442.0,54,0.5
4442.5,56,0.5
4443.0,58,0.5
4443.5,57,0.5
4444.0,56,0.5
4444.5,56,0.5
4445.0,57,0.5
4445.5,58,0.5
4446.0,60,0.5
4446.5,58,0.5
4447.0,56,0.5
4447.5,56,0.5
4448.0,54,0.5
4448.5,53,0.5
4449.0,55,0.5
4449.5,53,0.5
4450.0,53,0.5
4450.5,52,0.5
4451.0,52,0.5
4451.5,53,0.5
4452.0,54,0.5
4452.5,52,0.5
4453.0,52,0.5
4453.5,50,0.5
4454.0,50,0.5
4454.5,51,0.5
4455.0,50,0.5
4455.5,50,0.5
4456.0,50,0.5
4456.5,50,0.5
4457.0,49,0.5
4457.5,48,0.5
4458.0,49,0.5
4458.5,48,0.5
4459.0,47,0.5
4459.5,45,0.5
4460.0,44,0.5
4460.5,44,0.5
4461.0,43,0.5
4461.5,44,0.5
4462.0,46,0.5
4462.5,47,0.5
4463.0,48,0.5
4463.5,46,0.5
4464.0,46,0.5
4464.5,47,0.5
4465.0,45,0.5
4465.5,44,0.5
4466.0,46,0.5
4466.5,45,0.5
4467.0,43,0.5
4467.5,43,0.5
4468.0,45,0.5
4468.5,43,0.5
4469.0,43,0.5
4469.5,42,0.5
4470.0,43,0.5
4470.5,42,0.5
4471.0,42,0.5
4471.5,44,0.5
4472.0,45,0.5
4472.5,47,0.5
4473.0,49,0.5
4473.5,51,0.5
4474.0,51,0.5
4474.5,50,0.5
4475.0,48,0.5
4475.5,48,0.5
4476.0,46,0.5
4476.5,45,0.5
4477.0,46,0.5
4477.5,44,0.5
4478.0,42,0.5
4478.5,44,0.5
4479.0,44,0.5
4479.5,44,0.5
4480.0,43,0.5
4480.5,43,0.5
4481.0,44,0.5
4481.5,44,0.5
4482.0,46,0.5
4482.5,47,0.5
4483.0,49,0.5
4483.5,47,0.5
4484.0,46,0.5
4484.5,45,0.5
4485.0,44,0.5
4485.5,42,0.5
4486.0,44,0.5
4486.5,46,0.5
4487.0,47,0.5
4487.5,45,0.5
4488.0,47,0.5
4488.5,46,0.5
4489.0,47,0.5
4489.5,45,0.5
4490.0,45,0.5
4490.5,45,0.5
4491.0,45,0.5
4491.5,44,0.5
4492.0,42,0.5
4492.5,43,0.5
4493.0,43,0.5
4493.5,44,0.5
4494.0,42,0.5
4494.5,42,0.5
4495.0,44,0.5
4495.5,42,0.5
4496.0,42,0.5
4496.5,43,0.5
4497.0,45,0.5
4497.5,45,0.5
4498.0,44,0.5
4498.5,44,0.5
4499.0,42,0.5
4499.5,42,0.5
4500.0,40,0.5
4500.5,41,0.5
4501.0,42,0.5
4501.5,41,0.5
4502.0,39,0.5
4502.5,39,0.5
4503.0,40,0.5
4503.5,38,0.5
4504.0,38,0.5
4504.5,38,0.5
4505.0,37,0.5
4505.5,38,0.5
4506.0,37,0.5
4506.5,39,0.5
4507.0,40,0.5
4507.5,42,0.5
4508.0,40,0.5
4508.5,40,0.5
4509.0,39,0.5
4509.5,40,0.5
4510.0,41,0.5
4510.5,42,0.5
4511.0,42,0.5
4511.5,43,0.5
4512.0,45,0.5
4512.5,47,0.5
4513.0,48,0.5
4513.5,46,0.5
4514.0,48,0.5
4514.5,47,0.5
4515.0,47,0.5
4515.5,48,0.5
4516.0,49,0.5
4516.5,50,0.5
4517.0,48,0.5
4517.5,48,0.5
4518.0,49,0.5
4518.5,47,0.5
4519.0,46,0.5
4519.5,45,0.5
4520.0,47,0.5
4520.5,46,0.5
4521.0,45,0.5
4521.5,47,0.5
4522.0,48,0.5
4522.5,46,0.5
4523.0,47,0.5
4523.5,47,0.5
4524.0,47,0.5
4524.5,49,0.5
4525.0,50,0.5
4525.5,49,0.5
4526.0,48,0.5
4526.5,46,0.5
4527.0,46,0.5
4527.5,48,0.5
4528.0,47,0.5
4528.5,46,0.5
4529.0,45,0.5
4529.5,44,0.5
4530.0,46,0.5
4530.5,44,0.5
4531.0,45,0.5
4531.5,45,0.5
4532.0,44,0.5
4532.5,43,0.5
4533.0,45,0.5
4533.5,44,0.5
4534.0,42,0.5
4534.5,44,0.5
4535.0,46,0.5
4535.5,47,0.5
4536.0,47,0.5
4536.5,47,0.5
4537.0,48,0.5
4537.5,46,0.5
4538.0,48,0.5
4538.5,49,0.5
4539.0,51,0.5
4539.5,50,0.5
4540.0,49,0.5
4540.5,50,0.5
4541.0,49,0.5
4541.5,48,0.5
4542.0,48,0.5
4542.5,47,0.5
4543.0,48,0.5
4543.5,47,0.5
4544.0,45,0.5
4544.5,43,0.5
4545.0,41,0.5
4545.5,43,0.5
4546.0,42,0.5
4546.5,41,0.5
4547.0,42,0.5
4547.5,40,0.5
4548.0,39,0.5
4548.5,41,0.5
4549.0,39,0.5
4549.5,41,0.5
4550.0,39,0.5
4550.5,39,0.5
4551.0,37,0.5
4551.5,35,0.5
4552.0,37,0.5
4552.5,39,0.5
4553.0,38,0.5
4553.5,36,0.5
4554.0,34,0.5
4554.5,33,0.5
4555.0,32,0.5
4555.5,33,0.5
4556.0,32,0.5
4556.5,30,0.5
4557.0,28,0.5
4557.5,29,0.5
4558.0,31,0.5
4558.5,31,0.5
4559.0,33,0.5
4559.5,31,0.5
4560.0,33,0.5
4560.5,33,0.5
4561.0,33,0.5
4561.5,32,0.5
4562.0,32,0.5
4562.5,34,0.5
4563.0,36,0.5
4563.5,35,0.5
4564.0,36,0.5
4564.5,36,0.5
4565.0,35,0.5
4565.5,37,0.5
4566.0,35,0.5
4566.5,33,0.5
4567.0,35,0.5
4567.5,33,0.5
4568.0,32,0.5
4568.5,33,0.5
4569.0,34,0.5
4569.5,36,0.5
4570.0,34,0.5
4570.5,35,0.5
4571.0,35,0.5
4571.5,34,0.5
4572.0,34,0.5
4572.5,35,0.5
4573.0,35,0.5
4573.5,34,0.5
4574.0,32,0.5
4574.5,30,0.5
4575.0,31,0.5
4575.5,31,0.5
4576.0,29,0.5
4576.5,31,0.5
4577.0,33,0.5
4577.5,32,0.5
4578.0,32,0.5
4578.5,34,0.5
4579.0,35,0.5
4579.5,34,0.5
4580.0,36,0.5
4580.5,36,0.5
4581.0,38,0.5
4581.5,37,0.5
4582.0,37,0.5
4582.5,36,0.5
4583.0,34,0.5
4583.5,32,0.5
4584.0,32,0.5
4584.5,30,0.5
4585.0,28,0.5
4585.5,29,0.5
4586.0,30,0.5
4586.5,29,0.5
4587.0,28,0.5
4587.5,29,0.5
4588.0,31,0.5
4588.5,30,0.5
4589.0,30,0.5
4589.5,31,0.5
4590.0,33,0.5
4590.5,31,0.5
4591.0,32,0.5
4591.5,30,0.5
4592.0,31,0.5
4592.5,32,0.5
4593.0,33,0.5
4593.5,35,0.5
4594.0,34,0.5
4594.5,35,0.5
4595.0,33,0.5
4595.5,34,0.5
4596.0,34,0.5
4596.5,36,0.5
4597.0,37,0.5
4597.5,38,0.5
4598.0,38,0.5
4598.5,38,0.5
4599.0,40,0.5
4599.5,39,0.5
4600.0,40,0.5
4600.5,40,0.5
4601.0,40,0.5
4601.5,42,0.5
4602.0,44,0.5
4602.5,45,0.5
4603.0,45,0.5
4603.5,47,0.5
4604.0,49,0.5
4604.5,51,0.5
4605.0,52,0.5
4605.5,52,0.5
4606.0,52,0.5
4606.5,52,0.5
4607.0,50,0.5
4607.5,51,0.5
4608.0,49,0.5
4608.5,48,0.5
4609.0,50,0.5
4609.5,50,0.5
4610.0,48,0.5
4610.5,50,0.5
4611.0,50,0.5
4611.5,52,0.5
4612.0,52,0.5
4612.5,50,0.5
4613.0,50,0.5
4613.5,48,0.5
4614.0,50,0.5
4614.5,50,0.5
4615.0,50,0.5
4615.5,52,0.5
4616.0,52,0.5
4616.5,51,0.5
4617.0,52,0.5
4617.5,53,0.5
4618.0,54,0.5
4618.5,52,0.5
4619.0,54,0.5
4619.5,55,0.5
4620.0,56,0.5
4620.5,56,0.5
4621.0,54,0.5
4621.5,55,0.5
4622.0,57,0.5
4622.5,59,0.5
4623.0,58,0.5
4623.5,60,0.5
4624.0,61,0.5
4624.5,61,0.5
4625.0,62,0.5
4625.5,61,0.5
4626.0,63,0.5
4626.5,63,0.5
4627.0,63,0.5
4627.5,64,0.5
4628.0,62,0.5
4628.5,63,0.5
4629.0,64,0.5
4629.5,64,0.5
4630.0,62,0.5
4630.5,60,0.5
4631.0,60,0.5
4631.5,58,0.5
4632.0,57,0.5
4632.5,59,0.5
4633.0,57,0.5
4633.5,56,0.5
4634.0,54,0.5
4634.5,54,0.5
4635.0,54,0.5
4635.5,54,0.5
4636.0,54,0.5
4636.5,54,0.5
4637.0,52,0.5
4637.5,51,0.5
4638.0,53,0.5
4638.5,52,0.5
4639.0,51,0.5
4639.5,52,0.5
4640.0,50,0.5
4640.5,51,0.5
4641.0,50,0.5
4641.5,49,0.5
4642.0,51,0.5
4642.5,51,0.5
4643.0,51,0.5
4643.5,52,0.5
4644.0,54,0.5
4644.5,54,0.5
4645.0,53,0.5
4645.5,51,0.5
4646.0,51,0.5
4646.5,52,0.5
4647.0,52,0.5
4647.5,51,0.5
4648.0,49,0.5
4648.5,47,0.5
4649.0,47,0.5
4649.5,49,0.5
4650.0,47,0.5
4650.5,46,0.5
4651.0,45,0.5
4651.5,43,0.5
4652.0,43,0.5
4652.5,45,0.5
4653.0,44,0.5
4653.5,42,0.5
4654.0,42,0.5
4654.5,40,0.5
4655.0,40,0.5
4655.5,38,0.5
4656.0,40,0.5
4656.5,39,0.5
4657.0,38,0.5
4657.5,39,0.5
4658.0,38,0.5
4658.5,37,0.5
4659.0,37,0.5
4659.5,37,0.5
4660.0,39,0.5
4660.5,40,0.5
4661.0,41,0.5
4661.5,41,0.5
4662.0,43,0.5
4662.5,45,0.5
4663.0,46,0.5
4663.5,44,0.5
4664.0,44,0.5
4664.5,44,0.5
4665.0,42,0.5
4665.5,44,0.5
4666.0,42,0.5
4666.5,41,0.5
4667.0,40,0.5
4667.5,40,0.5
4668.0,41,0.5
4668.5,41,0.5
4669.0,43,0.5
4669.5,43,0.5
4670.0,41,0.5
4670.5,43,0.5
4671.0,45,0.5
4671.5,45,0.5
4672.0,43,0.5
4672.5,43,0.5
4673.0,41,0.5
4673.5,41,0.5
4674.0,43,0.5
4674.5,45,0.5
4675.0,46,0.5
4675.5,48,0.5
4676.0,49,0.5
4676.5,48,0.5
4677.0,46,0.5
4677.5,46,0.5
4678.0,44,0.5
4678.5,42,0.5
4679.0,42,0.5
4679.5,44,0.5
4680.0,44,0.5
4680.5,42,0.5
4681.0,43,0.5
4681.5,42,0.5
4682.0,44,0.5
4682.5,42,0.5
4683.0,41,0.5
4683.5,41,0.5
4684.0,41,0.5
4684.5,43,0.5
4685.0,41,0.5
4685.5,40,0.5
4686.0,38,0.5
4686.5,36,0.5
4687.0,37,0.5
4687.5,39,0.5
4688.0,41,0.5
4688.5,40,0.5
4689.0,39,0.5
4689.5,40,0.5
4690.0,39,0.5
4690.5,37,0.5
4691.0,36,0.5
4691.5,36,0.5
4692.0,37,0.5
4692.5,36,0.5
4693.0,36,0.5
4693.5,38,0.5
4694.0,36,0.5
4694.5,38,0.5
4695.0,39,0.5
4695.5,37,0.5
4696.0,37,0.5
4696.5,38,0.5
4697.0,36,0.5
4697.5,34,0.5
4698.0,34,0.5
4698.5,33,0.5
4699.0,34,0.5
4699.5,33,0.5
4700.0,33,0.5
4700.5,31,0.5
4701.0,32,0.5
4701.5,30,0.5
4702.0,28,0.5
4702.5,26,0.5
4703.0,26,0.5
4703.5,25,0.5
4704.0,23,0.5
4704.5,23,0.5
4705.0,25,0.5
4705.5,27,0.5
4706.0,29,0.5
4706.5,30,0.5
4707.0,31,0.5
4707.5,29,0.5
4708.0,27,0.5
4708.5,27,0.5
4709.0,25,0.5
4709.5,24,0.5
4710.0,24,0.5
4710.5,25,0.5
4711.0,23,0.5
4711.5,21,0.5
4712.0,21,0.5
4712.5,23,0.5
4713.0,24,0.5
4713.5,26,0.5
4714.0,25,0.5
4714.5,25,0.5
4715.0,23,0.5
4715.5,21,0.5
4716.0,21,0.5
4716.5,23,0.5
4717.0,23,0.5
4717.5,25,0.5
4718.0,25,0.5
4718.5,23,0.5
4719.0,24,0.5
4719.5,26,0.5
4720.0,28,0.5
4720.5,30,0.5
4721.0,28,0.5
4721.5,27,0.5
4722.0,26,0.5
4722.5,25,0.5
4723.0,24,0.5
4723.5,22,0.5
4724.0,24,0.5
4724.5,26,0.5
4725.0,26,0.5
4725.5,27,0.5
4726.0,25,0.5
4726.5,26,0.5
4727.0,24,0.5
4727.5,24,0.5
4728.0,26,0.5
4728.5,26,0.5
4729.0,27,0.5
4729.5,27,0.5
4730.0,28,0.5
4730.5,30,0.5
4731.0,31,0.5
4731.5,30,0.5
4732.0,28,0.5
4732.5,29,0.5
4733.0,30,0.5
4733.5,31,0.5
4734.0,31,0.5
4734.5,33,0.5
4735.0,34,0.5
4735.5,36,0.5
4736.0,37,0.5
4736.5,37,0.5
4737.0,37,0.5
4737.5,38,0.5
4738.0,38,0.5
4738.5,39,0.5
4739.0,38,0.5
4739.5,38,0.5
4740.0,40,0.5
4740.5,38,0.5
4741.0,36,0.5
4741.5,36,0.5
4742.0,35,0.5
4742.5,37,0.5
4743.0,37,0.5
4743.5,37,0.5
4744.0,38,0.5
4744.5,38,0.5
4745.0,39,0.5
4745.5,38,0.5
4746.0,38,0.5
4746.5,37,0.5
4747.0,39,0.5
4747.5,41,0.5
4748.0,43,0.5
4748.5,42,0.5
4749.0,43,0.5
4749.5,41,0.5
4750.0,40,0.5
4750.5,41,0.5
4751.0,41,0.5
4751.5,42,0.5
4752.0,43,0.5
4752.5,43,0.5
4753.0,42,0.5
4753.5,44,0.5
4754.0,46,0.5
4754.5,44,0.5
4755.0,43,0.5
4755.5,44,0.5
4756.0,43,0.5
4756.5,43,0.5
4757.0,44,0.5
4757.5,46,0.5
4758.0,47,0.5
4758.5,46,0.5
4759.0,44,0.5
4759.5,43,0.5
4760.0,42,0.5
4760.5,42,0.5
4761.0,40,0.5
4761.5,39,0.5
4762.0,41,0.5
4762.5,41,0.5
4763.0,42,0.5
4763.5,43,0.5
4764.0,42,0.5
4764.5,43,0.5
4765.0,41,0.5
4765.5,43,0.5
4766.0,44,0.5
4766.5,45,0.5
4767.0,44,0.5
4767.5,46,0.5
4768.0,48,0.5
4768.5,50,0.5
4769.0,48,0.5
4769.5,49,0.5
4770.0,50,0.5
4770.5,50,0.5
4771.0,50,0.5
4771.5,52,0.5
4772.0,53,0.5
4772.5,54,0.5
4773.0,53,0.5
4773.5,54,0.5
4774.0,53,0.5
4774.5,53,0.5
4775.0,52,0.5
4775.5,51,0.5
4776.0,52,0.5
4776.5,50,0.5
4777.0,48,0.5
4777.5,49,0.5
4778.0,48,0.5
4778.5,48,0.5
4779.0,49,0.5
4779.5,49,0.5
4780.0,49,0.5
4780.5,49,0.5
4781.0,49,0.5
4781.5,47,0.5
4782.0,45,0.5
4782.5,47,0.5
4783.0,48,0.5
4783.5,46,0.5
4784.0,47,0.5
4784.5,48,0.5
4785.0,46,0.5
4785.5,44,0.5
4786.0,46,0.5
4786.5,45,0.5
4787.0,47,0.5
4787.5,49,0.5
4788.0,47,0.5
4788.5,48,0.5
4789.0,46,0.5
4789.5,47,0.5
4790.0,46,0.5
4790.5,44,0.5
4791.0,43,0.5
4791.5,41,0.5
4792.0,41,0.5
4792.5,39,0.5
4793.0,37,0.5
4793.5,37,0.5
4794.0,36,0.5
4794.5,35,0.5
4795.0,35,0.5
4795.5,34,0.5
4796.0,33,0.5
4796.5,34,0.5
4797.0,34,0.5
4797.5,33,0.5
4798.0,35,0.5
4798.5,35,0.5
4799.0,37,0.5
4799.5,35,0.5
4800.0,37,0.5
4800.5,39,0.5
4801.0,40,0.5
4801.5,38,0.5
4802.0,36,0.5
4802.5,36,0.5
4803.0,37,0.5
4803.5,36,0.5
4804.0,38,0.5
4804.5,37,0.5
4805.0,37,0.5
4805.5,39,0.5
4806.0,39,0.5
4806.5,39,0.5
4807.0,37,0.5
4807.5,35,0.5
4808.0,36,0.5
4808.5,34,0.5
4809.0,34,0.5
4809.5,35,0.5
4810.0,37,0.5
4810.5,39,0.5
4811.0,40,0.5
4811.5,41,0.5
4812.0,39,0.5
4812.5,37,0.5
4813.0,38,0.5
4813.5,40,0.5
4814.0,40,0.5
4814.5,41,0.5
4815.0,43,0.5
4815.5,45,0.5
4816.0,44,0.5
4816.5,42,0.5
4817.0,41,0.5
4817.5,40,0.5
4818.0,42,0.5
4818.5,42,0.5
4819.0,41,0.5
4819.5,43,0.5
4820.0,45,0.5
4820.5,44,0.5
4821.0,44,0.5
4821.5,42,0.5
4822.0,43,0.5
4822.5,45,0.5
4823.0,45,0.5
4823.5,44,0.5
4824.0,44,0.5
4824.5,43,0.5
4825.0,44,0.5
4825.5,45,0.5
4826.0,47,0.5
4826.5,49,0.5
4827.0,51,0.5
4827.5,51,0.5
4828.0,52,0.5
4828.5,51,0.5
4829.0,50,0.5
4829.5,50,0.5
4830.0,48,0.5
4830.5,49,0.5
4831.0,48,0.5
4831.5,46,0.5
4832.0,46,0.5
4832.5,44,0.5
4833.0,46,0.5
4833.5,46,0.5
4834.0,45,0.5
4834.5,44,0.5
4835.0,43,0.5
4835.5,45,0.5
4836.0,45,0.5
4836.5,45,0.5
4837.0,46,0.5
4837.5,44,0.5
4838.0,45,0.5
4838.5,44,0.5
4839.0,45,0.5
4839.5,44,0.5
4840.0,42,0.5
4840.5,40,0.5
4841.0,38,0.5
4841.5,36,0.5
4842.0,36,0.5
4842.5,37,0.5
4843.0,36,0.5
4843.5,36,0.5
4844.0,36,0.5
4844.5,38,0.5
4845.0,40,0.5
4845.5,40,0.5
4846.0,38,0.5
4846.5,38,0.5
4847.0,40,0.5
4847.5,39,0.5
4848.0,38,0.5
4848.5,38,0.5
4849.0,38,0.5
4849.5,36,0.5
4850.0,34,0.5
4850.5,32,0.5
4851.0,34,0.5
4851.5,32,0.5
4852.0,30,0.5
4852.5,31,0.5
4853.0,29,0.5
4853.5,29,0.5
4854.0,30,0.5
4854.5,32,0.5
4855.0,33,0.5
4855.5,32,0.5
4856.0,33,0.5
4856.5,32,0.5
4857.0,32,0.5
4857.5,34,0.5
4858.0,33,0.5
4858.5,33,0.5
4859.0,31,0.5
4859.5,32,0.5
4860.0,33,0.5
4860.5,33,0.5
4861.0,32,0.5
4861.5,34,0.5
4862.0,32,0.5
4862.5,30,0.5
4863.0,31,0.5
4863.5,30,0.5
4864.0,30,0.5
4864.5,32,0.5
4865.0,30,0.5
4865.5,31,0.5
4866.0,29,0.5
4866.5,29,0.5
4867.0,29,0.5
4867.5,27,0.5
4868.0,26,0.5
4868.5,28,0.5
4869.0,26,0.5
4869.5,28,0.5
4870.0,28,0.5
4870.5,29,0.5
4871.0,31,0.5
4871.5,31,0.5
4872.0,30,0.5
4872.5,32,0.5
4873.0,30,0.5
4873.5,32,0.5
4874.0,32,0.5
4874.5,32,0.5
4875.0,31,0.5
4875.5,30,0.5
4876.0,28,0.5
4876.5,30,0.5
4877.0,30,0.5
4877.5,28,0.5
4878.0,28,0.5
4878.5,30,0.5
4879.0,31,0.5
4879.5,33,0.5
4880.0,31,0.5
4880.5,32,0.5
4881.0,31,0.5
4881.5,30,0.5
4882.0,29,0.5
4882.5,31,0.5
4883.0,31,0.5
4883.5,29,0.5
4884.0,28,0.5
4884.5,26,0.5
4885.0,26,0.5
4885.5,28,0.5
4886.0,28,0.5
4886.5,28,0.5
4887.0,30,0.5
4887.5,32,0.5
4888.0,30,0.5
4888.5,29,0.5
4889.0,30,0.5
4889.5,28,0.5
4890.0,28,0.5
4890.5,28,0.5
4891.0,29,0.5
4891.5,30,0.5
4892.0,31,0.5
4892.5,32,0.5
4893.0,31,0.5
4893.5,33,0.5
4894.0,33,0.5
4894.5,31,0.5
4895.0,32,0.5
4895.5,33,0.5
4896.0,34,0.5
4896.5,36,0.5
4897.0,34,0.5
4897.5,33,0.5
4898.0,33,0.5
4898.5,32,0.5
4899.0,34,0.5
4899.5,33,0.5
4900.0,33,0.5
4900.5,35,0.5
4901.0,36,0.5
4901.5,34,0.5
4902.0,32,0.5
4902.5,31,0.5
4903.0,33,0.5
4903.5,31,0.5
4904.0,33,0.5
4904.5,31,0.5
4905.0,29,0.5
4905.5,31,0.5
4906.0,29,0.5
4906.5,30,0.5
4907.0,29,0.5
4907.5,31,0.5
4908.0,30,0.5
4908.5,32,0.5
4909.0,32,0.5
4909.5,31,0.5
4910.0,30,0.5
4910.5,28,0.5
4911.0,28,0.5
4911.5,27,0.5
4912.0,28,0.5
4912.5,28,0.5
4913.0,26,0.5
4913.5,27,0.5
4914.0,25,0.5
4914.5,27,0.5
4915.0,26,0.5
4915.5,25,0.5
4916.0,26,0.5
4916.5,26,0.5
4917.0,25,0.5
4917.5,24,0.5
4918.0,23,0.5
4918.5,25,0.5
4919.0,24,0.5
4919.5,23,0.5
4920.0,25,0.5
4920.5,27,0.5
4921.0,29,0.5
4921.5,31,0.5
4922.0,31,0.5
4922.5,32,0.5
4923.0,34,0.5
4923.5,32,0.5
4924.0,31,0.5
4924.5,32,0.5
4925.0,31,0.5
4925.5,31,0.5
4926.0,33,0.5
4926.5,35,0.5
4927.0,35,0.5
4927.5,34,0.5
4928.0,35,0.5
4928.5,36,0.5
4929.0,35,0.5
4929.5,34,0.5
4930.0,35,0.5
4930.5,37,0.5
4931.0,38,0.5
4931.5,40,0.5
4932.0,42,0.5
4932.5,40,0.5
4933.0,39,0.5
4933.5,41,0.5
4934.0,39,0.5
4934.5,40,0.5
4935.0,41,0.5
4935.5,40,0.5
4936.0,39,0.5
4936.5,37,0.5
4937.0,39,0.5
4937.5,39,0.5
4938.0,37,0.5
4938.5,38,0.5
4939.0,39,0.5
4939.5,37,0.5
4940.0,35,0.5
4940.5,37,0.5
4941.0,37,0.5
4941.5,38,0.5
4942.0,36,0.5
4942.5,37,0.5
4943.0,39,0.5
4943.5,41,0.5
4944.0,41,0.5
4944.5,39,0.5
4945.0,39,0.5
4945.5,41,0.5
4946.0,42,0.5
4946.5,44,0.5
4947.0,42,0.5
4947.5,43,0.5
4948.0,45,0.5
4948.5,43,0.5
4949.0,45,0.5
4949.5,44,0.5
4950.0,45,0.5
4950.5,46,0.5
4951.0,44,0.5
4951.5,46,0.5
4952.0,46,0.5
4952.5,47,0.5
4953.0,46,0.5
4953.5,44,0.5
4954.0,45,0.5
4954.5,44,0.5
4955.0,45,0.5
4955.5,44,0.5
4956.0,43,0.5
4956.5,43,0.5
4957.0,44,0.5
4957.5,46,0.5
4958.0,46,0.5
4958.5,46,0.5
4959.0,47,0.5
4959.5,47,0.5
4960.0,47,0.5
4960.5,49,0.5
4961.0,51,0.5
4961.5,51,0.5
4962.0,49,0.5
4962.5,47,0.5
4963.0,45,0.5
4963.5,43,0.5
4964.0,42,0.5
4964.5,41,0.5
4965.0,40,0.5
4965.5,38,0.5
4966.0,37,0.5
4966.5,35,0.5
4967.0,37,0.5
4967.5,35,0.5
4968.0,36,0.5
4968.5,37,0.5
4969.0,36,0.5
4969.5,37,0.5
4970.0,39,0.5
4970.5,37,0.5
4971.0,39,0.5
4971.5,39,0.5
4972.0,39,0.5
4972.5,39,0.5
4973.0,41,0.5
4973.5,41,0.5
4974.0,39,0.5
4974.5,41,0.5
4975.0,39,0.5
4975.5,41,0.5
4976.0,43,0.5
4976.5,45,0.5
4977.0,46,0.5
4977.5,45,0.5
4978.0,47,0.5
4978.5,49,0.5
4979.0,51,0.5
4979.5,49,0.5
4980.0,49,0.5
4980.5,51,0.5
4981.0,53,0.5
4981.5,53,0.5
4982.0,51,0.5
4982.5,51,0.5
4983.0,53,0.5
4983.5,54,0.5
4984.0,54,0.5
4984.5,54,0.5
4985.0,56,0.5
4985.5,54,0.5
4986.0,55,0.5
4986.5,53,0.5
4987.0,51,0.5
4987.5,50,0.5
4988.0,49,0.5
4988.5,47,0.5
4989.0,46,0.5
4989.5,48,0.5
4990.0,50,0.5
4990.5,50,0.5
4991.0,50,0.5
4991.5,48,0.5
4992.0,47,0.5
4992.5,47,0.5
4993.0,49,0.5
4993.5,47,0.5
4994.0,49,0.5
4994.5,47,0.5
4995.0,48,0.5
4995.5,46,0.5
4996.0,47,0.5
4996.5,47,0.5
4997.0,48,0.5
4997.5,47,0.5
4998.0,47,0.5
4998.5,48,0.5
4999.0,49,0.5
4999.5,48,0.5
